0700000000019200000000000016000000000000082100000000000000000000000000000000000000000000000000000000000000000000000000000000000000000000000000000000
0700192010019800016000500016500000822000084600000000000000000000000000000000000000000000000000000000000000000000000000000000000000000000000000000000
0700198010020400016500500017000000847000087200000000000000000000000000000000000000000000000000000000000000000000003500000000000000000000000000000000
0700204010021000017000500017500000873000089700000000000000000000000000000000000000000000000000000000000000000000008000000000000000000000000000000000
0700210010021600017500500018000000898000092300100000000000000000000000000000000000000000000000000000000000000000012000000000000000000000000000000000
0700216010022200018000500018500000924000094900500000000000000000000000000000000000000000000000000000000000000000016000000000000000000000000000000000
0700222010022800018500500019000000950000097400950000000000000000000000000000000000000000000000000000000000000000020000000000000000000000000000000000
0700228010023400019000500019500000975000100001350000000000000000000000000000000000000000000000000000000000000000024000000000000000000000000000000000
0700234010024000019500500020000001001000102601700000000000000000000000000000000000000000000000000000000000000000027500000000000000000000000000000000
0700240010024600020000500020500001027000105102100000000000000000000000000000000000000000000000000000000000000000030500150000000000000000000000000000
0700246010025200020500500021000001052000107702450000000000000000000000000000000000000000000000000000000000000000034000550000000000000000000000000000
0700252010025800021000500021500001078000110302900000000000000000000000000000000000000000000000000000000000000000037000900000000000000000000000000000
0700258010026400021500500022000001104000112803200000000000000000000000000000000000000000000000000000000000000000040001300030000000000000000000000000
0700264010027000022000500022500001129000115403550000000000000000000000000000000000000000000000000000000000000000043001650065000000000000000000000000
0700270010027600022500500023000001155000117903850000000000000000000000000000000000000000000000000000000000000000046002000105000000000000000000000000
0700276010028200023000500023500001180000120504150000000000000000000000000000000000000000000000000000000000000000048502300135000000000000000000000000
0700282010028800023500500024000001206000123104450000000000000000000000000000000000000000000000000000000000000000051502600170000000000000000000000000
0700288010029400024000500024500001232000125604750000000000000000000000000000000000000000000000000000000000000000054002950205003000000000000000000000
0700294010030000024500500025000001257000128205000000000000000000000000000000000000000000000000000000000000000000056503200235006500000000000000000000
0700300010030600025000500025500001283000130805300000000000000000000000000000000000000000000000000000000000000000058503500265010000100000000000000000
0700306010031200025500500026000001309000133305550000000000000000000000000000000000000000000000000000000000000000061003800295013000450000000000000000
0700312010031800026000500026500001334000135905800000000000000000000000000000000000000000000000000000000000000000063504050325016500750000000000000000
0700318010032400026500500027000001360000138506000000000000000000000000000000000000000000000000000000000000000000065504300350019501100000000000000000
0700324010033000027000500027500001386000141006250000000000000000000000000000000000000000000000000000000000000000067504550375022501400000000000000000
0700330010033600027500500028000001411000143606500000000000000000000000000000000000000000000000000000000000000000069504800405025001700010000000000000
0700336010034200028000500028500001437000146206700000000000000000000000000000000000000000000000000000000000000000071505050430028002000045000000000000
0700342010034800028500500029000001463000148706900000000000000000000000000000000000000000000000000000000000000000073505300455030502250075000000000000
0700348010035400029000500029500001488000151307150000000000000000000000000000000000000000000000000000000000000000075505500475033002550105002500000000
0700354010036000029500500030000001514000153807350000000000000000000000000000000000000000000000000000000000000000077505700500036002800135005500000000
0700360010036600030000500030500001539000156407550000000000000000000000000000000000000000000000000000000000000000079005950520038003050160008500000000
0700366010037200030500500031000001565000159007700000000000000000000000000000000000000000000000000000000000000000081006150545040503300190011500000000
0700372010037800031000500031500001591000161507900000000000000000000000000000000000000000000000000000000000000000082506350565043003550215014000000000
0700378010038400031500500032000001616000164108100000000000000000000000000000000000000000000000000000000000000000084506550585045003800240017000250000
0700384010039000032000500032500001642000166708250000000000000000000000000000000000000000000000000000000000000000086006750605047504050270019500550000
0700390010039600032500500033000001668000169208450005000000000000000000000000000000000000000000000000000000000000087506900625049504250290022000800005
0700396010040200033000500033500001693000171808600030000000000000000000000000000000000000000000000000000000000000089007100645051504500315024501100035
0700402010040800033500500034000001719000174408750050000000000000000000000000000000000000000000000000000000000000090507250665053504700340027001350065
0700408010041400034000500034500001745000176908950080000000000000000000000000000000000000000000000000000000000000092507450680055504900360029501600090
0700414010042000034500500035000001770000179509100100000000000000000000000000000000000000000000000000000000000000094007600700057505100385031501850115
0700420010042600035000500035500001796000182109250125000000000000000000000000000000000000000000000000000000000000095507750715059505300405034002100140
0700426010043200035500500036000001822000184609400145000000000000000000000000000000000000000000000000000000000000097007950735061505500425036002350165
0700432010043800036000500036500001847000187209550165000000000000000000000000000000000000000000000000000000000000098508100750063005700450038002550190
0700438010044400036500500037000001873000189709700185000000000000000000000000000000000000000000000000000000000000100008250765065005900470040502800215
0700444010045000037000500037500001898000192309800205000000000000000000000000000000000000000000000000000000000000101508400780066506050485042503000235
0700450010045600037500500038000001924000194909950225000000000000000000000000000000000000000000000000000000000000102508550795068506250505044503250260
0700456010046200038000500038500001950000197410100245000000000000000000000000000000000000000000000000000000000000104008700810070006400525046503450280
0700462010046800038500500039000001975000200010200265000000000000000000000000000000000000000000000000000000000000105508800825071506550545048003650300
0700468010047400039000500039500002001000202610350280000000000000000000000000000000000000000000000000000000000000106508950840073006750560050003850325
0700474010048000039500500040000002027000205110500300000000000000000000000000000000000000000000000000000000000000108009100855074506900580052004050345
0700480010048600040000500040500002052000207710600315000500000000000000000000000000000000000000000000000000000000109009200870076007050595053504250365
0700486010049200040500500041000002078000210310700335003000050005000000000000000000000000000000000000000000000000110009400885077507200610055504450385
0700492010049800041000500041500002104000212810850350005000050005000000000000000000000000000000000000000000000000111509550900079007350630057004600400
0700498010050400041500500042000002129000215410950370007000200005000000000000000000000000000000000000000000000000112509650915080507500645059004800420
0700504010051000042000500042500002155000217911050385009000400010000000000000000000000000000000000000000000000000113509800930082007650660060504950440
0700510010051600042500500043000002180000220511200400011000600010000000000000000000000000000000000000000000000000114509900940083507800675062005150455
0700516010052200043000500043500002206000223111300415013000800030000000000000000000000000000000000000000000000000115510050955084507950690063505300475
0700522010052800043500500044000002232000225611450435015001000050000000000000000000000000000000000000000000000000116510150965086008050705065005450490
0700528010053400044000500044500002257000228211550450016501200070000000000000000000000000000000000000000000000000118010300980087008200720066505650510
0700534010054000044500500045000002283000230811650465018501350090000000000000000000000000000000000000000000000000119010400990088508350735068005800525
0700540010054600045000500045500002309000233311800480020001550105000000000000000000000000000000000000000000000000119510501005089508450750069505950540
0700546010055200045500500046000002334000235911900490022001700125000000000000000000000000000000000000000000000000120510601015091008600760071006100555
0700552010055800046000500046500002360000238512000505023501900145000000000000000000000000000000000000000000000000121510751025092008700775072506250570
0700558010056400046500500047000002386000241012100520025502050160000000000000000000000000000000000000000000000000122510851040093008850790073506400590
0700564010057000047000500047500002411000243612200535027002250180000000000000000000000000000000000000000000000000123510951050094508950800075006550605
0700570010057600047500500048000002437000246212350550028502400195001000050005000000000000000000000000000000000000124511051060096009100815076506700615
0700576010058200048000500048500002463000248712450560030002600210002500050005000000000000000000000000000000000000125511151070097009250825077506800630
0700582010058800048500500049000002488000251312550575032002750230004500050005000000000000000000000000000000000000126011251080098009350840079006950645
0700588010059400049000500049500002514000253812650585033502900245006500200005000000000000000000000000000000000000127011351090099509450850080007100660
0700594010060000049500500050000002539000256412750600035003050260008000350010000000000000000000000000000000000000128011451100100509600860081507200675
0700600010060600050000500050500002565000259012850615036503200280010000550010000000000000000000000000000000000000128511551110101509700875082507350685
0700606010061200050500500051000002591000261512950625038003350295012000750030000000000000000000000000000000000000129511651125103009850885084007500700
0700612010061800051000500051500002616000264113050640039503550310013500900045000000000000000000000000000000000000130511751135104009950900085007650715
0700618010062400051500500052000002642000266713150650041003700325015501100065000000000000000000000000000000000000131511851145105010050910086507750730
0700624010063000052000500052500002668000269213250665042503850340017001250085000000000000000000000000000000000000132511951155106010200920087507900745
0700630010063600052500500053000002693000271813350680044004000360019001450100000000000000000000000000000000000000133012051165107510300935089008000755
0700636010064200053000500053500002719000274413450690045504150375020501600120000000000000000000000000000000000000134012151175108510400945090008150770
0700642010064800053500500054000002745000276913550705047004300390022001800135000000000000000000000000000000000000135012251185109510500955091008250780
0700648010065400054000500054500002770000279513650715048504450405023501950155000000000000000000000000000000000000136012351195110510650965092508400795
0700654010066000054500500055000002796000282113750730049504550415025502100170000500050005000000000000000000000000137012451205111510750980094008500805
0700660010066600055000500055500002822000284613850740051004700430027002300185002000050005000000000000000000000000137512551215112510850995095008650820
0700666010067200055500500056000002847000287213900755052504850445028502450205003500050005000000000000000000000000138512601225113510951005096008750830
0700672010067800056000500056500002873000289714000765053505000460030002600220005500100005000000000000000000000000139512701230114511051015097508850845
0700678010068400056500500057000002898000292314100775055005100475031502750235007000300005000000000000000000000000140012801240115511151025098509000855
0700684010069000057000500057500002924000294914200790056505250485033002900250009000450005000000000000000000000000141012901250116511251040099509100865
0700690010069600057500500058000002950000297414300800057505400500034503050265010500650020000000000000000000000000142012951260117511351050100509200880
0700696010070200058000500058500002975000300014350810059005500515036003200280012000800040000000000000000000000000142513051265118511451060102009300890
0700702010070800058500500059000003001000302614450820060005650525037503350295013500950055000000000000000000000000143513151275119511551070103009400900
0700708010071400059000500059500003027000305114550835061005750540038503500310015501150075000000000000000000000000144013201285120011651080104009500910
0700714010072000059500500060000003052000307714600845062505900550040003650325017001300090000000000000000000000000145013301295121011751090105009600920
0700720010072600060000500060500003078000310314700855063506000565041503750340018501450105000000000000000000000000145513351300122011801100106009700930
0700726010073200060500500061000003104000312814800865065006150580043003900355020001600120000000000000000000000000146513451310123011901110107009800940
0700732010073800061000500061500003129000315414850880066006250590044004050365021501750135000000000000000000000000147513551320123512001120108009900950
0700738010074400061500500062000003155000317914950890067506400605045504200380023001900155000500050005000000000000148013601325124512101125109010050965
0700744010075000062000500062500003180000320515000900068506500615047004300395024502050170001500050005000000000000149013701335125512151135110010150975
0700750010075600062500500063000003206000323115100910069506650630048004450410026002200185003000050005000000000000149513801345126012251145111010250985
0700756010076200063000500063500003232000325615150920071006750640049504550420027502350200004500100005000000000000150513851350127012351155111510350995
0700762010076800063500500064000003257000328215250930072006850650050504700435028502500210006000250005000000000000151013951360128012401165112510451005
0700768010077400064000500064500003283000330815300940073007000665051504800445030002650225008000400005000000000000152014001370128512501170113510551015
0700774010078000064500500065000003309000333315400950074007100675053004950460031502800240009500550015000000000000152514101375129512601180114510651025
0700780010078600065000500065500003334000335915450960075507200685054005050470033002900255011000700035000000000000153514151385130012651190115510751035
0700786010079200065500500066000003360000338515500970076507300700055505200485034003050270012500850050000000000000154014251390131012751200116010851045
0700792010079800066000500066500003386000341015600980077507450710056505300495035503200285014001000065000000000000155014301400131512801205117010951055
0700798010080400066500500067000003411000343615650990078507550720057505450510037003300295015501150080000000000000155514401405132512901215118011001065
0700804010081000067000500067500003437000346215751000079507650730059005550520038003450310016501300095000000000000156014451415133013001225118511101075
0700810010081600067500500068000003463000348715801010081007750745060005650535039503600325018001450110000000000000157014551420134013051230119511201085
0700816010082200068000500068500003488000351315851020082007850755061005800545040503700335019501600125000500050005157514601430135013151240120511301090
0700822010082800068500500069000003514000353815951030083008000765062505900555042003850350021001750140000500050005158014701435135513201245121011351100
0700828010083400069000500069500003539000356416001040084008100775063506000570043003950360022501900150001000050005159014751445136513301255122011451110
0700834010084000069500500070000003565000359016051045085008200790064506150580044004100375023502000165002500050005159514851450137013401260122511551120
0700840010084600070000500070500003591000361516101055086008300800065506250590045504200385025002150180004000050005160014901460138013451270123511601125
0700846010085200070500500071000003616000364116201065087008400810067006350605046504350400026502300195005500200005160514951465138513551275124511701135
0700852010085800071000500071500003642000366716251075088008500820068006450615048004450410027502400205007000350005161515051475139013601285125011801145
0700858010086400071500500072000003668000369216301080089008600830069006600625049004550425029002550220008500500015162015101480140013651290126011851150
0700864010087000072000500072500003693000371816401090090008700840070006700635050004700435030002700235010000650030162515201490140513751300126511951160
0700870010087600072500500073000003719000374416451100091008800850071006800650051004800445031502800245011000750045163015251495141513801305127512001170
0700876010088200073000500073500003745000376916551110092008900860072006900660052504900460032502950260012500900055164015301500142013901310128012101175
0700882010088800073500500074000003770000379516601115093009000870073007000670053505000470034003050275014001050070164515401510142513951320128512151185
0700888010089400074000500074500003796000382116701125094009100880074507100680054505150480035003200285015001200085165015451515143514051325129512251190
0700894010090000074500500075000003822000384616751130095009200890075507250690055505250495036503300300016501300100165515501520144014101335130512301200
0700900010090600075000500075500003847000387216801140095509300900076507350705057005350505037503400310018001450110166015551530145014201340131012401205
0700906010091200075500500076000003873000389716901150096509400910077507450715058005500515038503550320019001600125166515651535145514251350131512451215
0700912010091800076000500076500003898000392316951155097509450920078507550725059005600530040003650335020501700140167015701540146014301355132512551220
0700918010092400076500500077000003924000394917051165098509550930079507650735060005700540041003800345021501850150168015751550147014401365133012601230
0700924010093000077000500077500003950000397417101175099509650935080507750745061005800550042003900360023002000165168515801555147514451370134012701235
0700930010093600077500500078000003975000400017201180100009750945081507850755062505900560043004000370024002100180169015901560148514551375134512751245
0700936010094200078000500078500004001000402617251190101009850955082507950765063506050575044504100380025502250190169515951565149014601385135512801250
0700942010094800078500500079000004027000405117301200102009900965083508050775064506150585045504250390026502350205170016001575149514651390136012901255
0700948010095400079000500079500004052000407717401205103010000975084508150785065506250595046504350405028002450215171016051580150514751395136512951265
0700954010096000079500500080000004078000410317451215103510100980085508250795066506350605047504450415029002600230171516101585151014801405137513001270
0700960010096600080000500080500004104000412817501220104510150990086508350805067506450615048504550425030502700240172016151590151514851410138013101280
0700966010097200080500500081000004129000415417601230105510251000087008450815068506550625050004700440031502850250172516251595152014951415138513151285
0700972010097800081000500081500004155000417917651235106010351005088008550825069506650635051004800450032502950265173016301600153015001425139513201290
0700978010098400081500500082000004180000420517701245107010401015089008650835070506750645052004900460033503050275173516351610153515051430140013301300
0700984010099000082000500082500004206000423117801250107510501025090008700845071506850660053005000470035003200290174016401615154015101435141013351305
0700990010099600082500500083000004232000425617851260108510601035091008800855072506950670054005100480036003300300174516451620154515201445141513451315
0700996010100200083000500083500004257000428217901265109510651040091508900860073507050680055005250495037003400310175016501625155015251450142013501320
0701002010100800083500500084000004283000430818001275110010751050092509000870074507150690056005350505038003500320175516551630156015301455143013551325
0701008010101400084000500084500004309000433318051280111010851060093509100880075507250700057505450515039503650335176016651635156515351465143513651335
0701014010102000084500500085000004334000435918101290112010901065094509150890076507350710058505550525040503750345176516701645157015401470144013701340
0701020010102600085000500085500004360000438518151295112511001075095009250900077507450720059505650535041503850355177016751650157515501475145013751345
0701026010103200085500500086000004386000441018201300113511101085096009350905078507550730060505750545042503950365177516801655158015551480145513801355
0701032010103800086000500086500004411000443618301310114011151090097009450915079507650740061505850555043504050375178016851660158515601490146013901360
0701038010104400086500500087000004437000446218351315115011251100097509500925080007750750062505950565044504150390178516901665159015651495146513951365
0701044010105000087000500087500004463000448718401325115511351110098509600935081007850755063506050575045504300400179016951670159515701500147514001375
0701050010105600087500500088000004488000451318451330116511401115099509700940082007950765064506150585046504400410179517001675160515751505148014051380
0701056010106200088000500088500004514000453818501335117511501125100009750950083008050775065506250600047504500420180017051680161015801510148514151385
0701062010106800088500500089000004539000456418551345118011551130101009850960084008100785066506350610049004600430180517101685161515901520149014201395
0701068010107400089000500089500004565000459018651350119011651140102009950965085008200795067506450620050004700440181017201695162015951525150014251400
0701074010108000089500500090000004591000461518701355119511701150102510000975085508300805068506550630051004800455181517251700162516001530150514351405
0701080010108600090000500090500004616000464118751365120511801155103510100985086508400815069506650640052004900465182017301705163016051535151014401415
0701086010109200090500500091000004642000466718801370121011901165104510200995087508500825070506750650053005050475182517351710163516101545151514451420
0701092010109800091000500091500004668000469218851380122011951170105510301005088508600830071506850660054005150485183517401715164516201550152514551425
0701098010110400091500500092000004693000471818951385122512051180106010351010089508650840072506950670055005250495184017451720165016251555153014601435
0701104010111000092000500092500004719000474419001395123512101190107010451020090008750850073507050680056005350505184517501725165516301560153514651440
0701110010111600092500500093000004745000476919051400124012201195108010551030091008850860074007150690057005450515185017551730166016351565154014751445
0701116010112200093000500093500004770000479519101405125012251205108510601035092008950870075007250700058005550525185517601740166516401570154514801455
0701122010112800093500500094000004796000482119151415125512351210109510701045093009050875076007350710059005650535186017651745167016501580155514851460
0701128010113400094000500094500004822000484619201420126512401220110010801055093509100885077007450720060005750550186517701750168016551585156014901465
0701134010114000094500500095000004847000487219251430127012501225111010851060094509200895078007550730061005850560187017751755168516601590156515001470
0701140010114600095000500095500004873000489719301435128012551235112010951070095509300905079007650740062005950570187517801760169016651595157015051480
0701146010115200095500500096000004898000492319401440128512651240112511051080096009350910080007750745063006050580188017851765169516701600157515101485
0701152010115800096000500096500004924000494919451450129012701245113511101085097009450920080507800755064006150590188517901770170016751605158015151490
0701158010116400096500500097000004950000497419501455130012751255114011201095098009550930081507900765065006250600189017951775170516801610158515201495
0701164010117000097000500097500004975000500019551460130512851265115011251105099009650940082508000775066006350610189518001780171016901620159515251500
0701170010117600097500500098000005001000502619601470131512951270116011351110099509700950083508100785067006450620190018101785171516951625160015351510
0701176010118200098000500098500005027000505119651475132013001280116511401120100509800955084508200795068006550630190518151790172017001630160515401515
0701182010118800098500500099000005052000507719701480133013051285117511501125101509900965085008250800069006650640191018201795172517051635161015451520
0701188010119400099000500099500005078000510319751490133513151290118011551135102009950975086008350810070006750650191518251800173017101640161515501525
0701194010120000099500500100000005104000512819801495134513201300119011651140103010050980087008450820071006850660192018301805173517151645162515551530
0701200010120600100000500100500005129000515419851500135013301305119511751150104010150990088008550830072006950670192518351810174517201650163015601535
0701206010121200100500500101000005155000517919901505135513351315120011801155104510201000088508600835072507000675192518401815175017251660163515651545
0701212010121800101000500101500005180000520519951515136513451320121011851165105510301005089508700845073507100685193018451820175017301665164015701550
0701218010122400101500500102000005206000523120001520137013501330121511951170106010401015090508800855074507200695193518501825175517351670164515801555
0701224010123000102000500102500005232000525620051525138013551335122512001180107010451025091008850865075507300705194018551830176017401675165015851560
0701230010123600102500500103000005257000528220151535138513651345123012101185107510551030092008950870076507400715194518601835176517451680165515901565
0701236010124200103000500103500005283000530820201540139013701350124012151195108510601040093009050880077007500725195018651840177517501685166015951570
0701242010124800103500500104000005309000533320251545140013801355124512251200109510701045093509150890078007550730195518701845178017551690166516001575
0701248010125400104000500104500005334000535920301550140513851365125512301210110010801055094509200900079007650740196018751850178517601695167016051580
0701254010126000104500500105000005360000538520351560141013901370126012401215111010851065095509300905080007750750196518751855179017651700167516101590
0701260010126600105000500105500005386000541020401565142014001375127012451225111510951070096009400915080507850760197018801860179517701705168016151595
0701266010127200105500500106000005411000543620451570142514051385127512551230112511001080097009450925081507900770197518851865180017751710169016251600
0701272010127800106000500106500005437000546220501575143014101390128012601240113011101085098009550930082508000775198018901870180517801715169516301605
0701278010128400106500500107000005463000548720601585144014151395129012701245114011151095098509650940083008100785198518951875181017851720170016351610
0701284010129000107000500107500005488000551320651590144514251405129512751255114511251100099509700950084008150795199019001880181517901725170516401615
0701290010129600107500500108000005514000553820701595145014301410130512851260115511301110100009800955085008250800199519051885182017951730171016451620
0701296010130200108000500108500005539000556420751600145514351415131012901270116011401115101009900965085508350810200019101890182518001735171516501625
0701302010130800108500500109000005565000559020801610146514451425132012951275116511451125102009950975086508400820200519151895183018051740172016551630
0701308010131400109000500109500005591000561520851615147014501430132513051285117511551130102510050980087508500830200519201900183518101745172516601640
0701314010132000109500500110000005616000564120901620147514601440133013101290118011601140103510100990088008600835201019251905184018151750173016651645
0701320010132600110000500110500005642000566720951625148514651445134013201295119011701145104010200995089008700845201519301910184518201755173516701650
0701326010133200110500500111000005668000569221001630149014701450134513251305119511751155105010251005090008750855202019351915185018251760174016751655
0701332010133800111000500111500005693000571821051640149514751460135013301310120511851160105510351015090508850860202519401920185018301765174516801660
0701338010134400111500500112000005719000574421101645150514851465136013401320121011901170106510401020091508950870203019451925185518351770175016851665
0701344010135000112000500112500005745000576921151650151014901470136513451325122012001175107010501030092509000880203519501930186018401775175516901670
0701350010135600112500500113000005770000579521201655151514951480137013501330122512051185108010551035093009100885204019551935186518451780176016951675
0701356010136200113000500113500005796000582121251660152015051485138013601340123512101190108510651045094009150895204519601940187018501785176517001680
0701362010136800113500500114000005822000584621301670153015101490138513651345124012201200109510701050095009250905205019601945187518551790177017051685
0701368010137400114000500114500005847000587221351675153515151495139013701350124512251205110010801060095509350910205019651950188018601795177517101690
0701374010138000114500500115000005873000589721401680154015201505140013801360125512351215111010851065096509400920205519701950188518651800178017151695
0701380010138600115000500115500005898000592321451685154515301510140513851365126012401220111510951075097009500930206019751955189018701805178517201700
0701386010139200115500500116000005924000594921501690155515351515141013901370127012501225112511001080098009550935206519801960189518751810179017251705
0701392010139800116000500116500005950000597421551695156015401520142014001380127512551235113011101090098509650945207019851965190018801815179517301710
0701398010140400116500500117000005975000600021601705156515451530142514051385128012601240114011151095099509750950207519901970190518851820180017351715
0701404010141000117000500117500006001000602621651710157015551535143014101390129012701250114511251105100009800960208019951975191018901825180517401720
0701410010141600117500500118000006027000605121701715157515601540144014201400129512751255115011301110101009900965208520001980191518951830181017451725
0701416010142200118000500118500006052000607721751720158515651545144514251405130012801260116011401120101509950975209020001985192019001835181517501730
0701422010142800118500500119000006078000610321801725159015701555145014301410131012901270116511451125102510050980209020051990192519051840182017551735
0701428010143400119000500119500006104000612821851730159515801560145514401420131512951275117511551135103010100990209520101995192519101845182517601740
0701434010144000119500500120000006129000615421901735160015851565146514451425132013001280118011601140104010200995210020152000193019151845183017651745
0701440010144600120000500120500006155000617921901745161015901570147014501430133013101290119011701145104510251005210520202000193519151850183017701750
0701446010145200120500500121000006180000620521951750161515951580147514551440133513151295119511751155105510351010211020252005194019201855183517751755
0701452010145800121000500121500006206000623122001755162016001585148014651445134013201300120011801160106010401020211520302010194519251860184017801760
0701458010146400121500500122000006232000625622051760162516101590149014701450135013301310121011901170107010451025212020352015195019301865184517851765
0701464010147000122000500122500006257000628222101765163016151595149514751455135513351315121511951175107510551035212520402020195519351870185017901770
0701470010147600122500500123000006283000630822151770164016201600150014801465136013401325122512051185108010601040212520452025196019401875185517951775
0701476010148200123000500123500006309000633322201780164516251610150514901470137013501330123012101190109010701050213020452030196519451880186018001780
0701482010148800123500500124000006334000635922251785165016301615151014951475137513551335123512151195109510751055213520502035196519501885186518051785
0701488010149400124000500124500006360000638522251790165516401620152015001480138013601345124512251205110510851065214020552040197019551890187018051790
0701494010150000124500500125000006386000641022301795166016451625152515051490139013701350125012301210111010901070214520602045197519601895187518101795
0701500010150600125000500125500006411000643622351800166516501630153015151495139513751355125512351215112011001080215020652045198019601900188018151795
0701506010151200125500500126000006437000646222401805167016551640153515201500140013801365126512451225112511051085215520702050198519651905188518201800
0701512010151800126000500126500006463000648722451810168016601645154515251505140513901370127012501230113511151095216020752055199019701910189018251805
0701518010152400126500500127000006488000651322501815168516651650155015301515141513951375127512551235114011201100216020752060199519751910189518301810
0701524010153000127000500127500006514000653822501820169016751655155515351520142014001380128012651245114511251105216520802065200019801915190018351815
0701530010153600127500500128000006539000656422551830169516801660156015451525142514051390129012701250115511351115217020852070200519851920190018401820
0701536010154200128000500128500006565000659022601835170016851670156515501530143014151395129512751260116011401120217520902075200519901925190518451825
0701542010154800128500500129000006591000661522651840171016901675157515551540144014201400130512851265117011501130218020952080201019951930191018501830
0701548010155400129000500129500006616000664122701845171516951680158015601545144514251410131012901270117511551135218521002085201520001935191518551835
0701554010156000129500500130000006642000666722751850172017001685158515701550145014301415131512951280118011601140219021052085202020051940192018601840
0701560010156600130000500130500006668000669222801855172517101690159015751555145514401420132013051285119011701150219521102090202520101945192518601845
0701566010157200130500500131000006693000671822851860173017151695159515801560146014451425133013101290119511751155219521152095203020101945193018651850
0701572010157800131000500131500006719000674422901865173517201705160515851570147014501430133513151300120011801165220021152100203520151950193518701855
0701578010158400131500500132000006745000676922951875174017251710161015901575147514551440134013251305121011901170220521202105204020201955194018751855
0701584010159000132000500132500006770000679523001880174517301715161515951580148014651445135013301310121511951175221021252110204020251960194018801860
0701590010159600132500500133000006796000682123001885175017351720162016051585148514701450135513351315122012001185221521302115204520301965194518851865
0701596010160200133000500133500006822000684623051890176017401725162516101590149514751460136013401325122512101190222021352120205020351970195018901870
0701602010160800133500500134000006847000687223101895176517501730163016151595150014801465136513501330123512151195222521402120205520401975195518951875
0701608010161400134000500134500006873000689723151900177017551740164016201605150514901470137513551335124012201205223021452125206020451980196019001880
0701614010162000134500500135000006898000692323201905177517601745164516251610151014951475138013601345124512301210223521452130206520451980196519001885
0701620010162600135000500135500006924000694923251910178017651750165016301615151515001480138513651350125512351215223521502135207020501985197019051890
0701626010163200135500500136000006950000697423301920178517701755165516401620152515051490139013751355126012401225224021552140207520551990197519101895
0701632010163800136000500136500006975000700023351925179017751760166016451625153015101495139513801360126512501230224521602145207520601995198019151895
0701638010164400136500500137000007001000702623401930180017801765166516501635153515201500140513851370127512551235225021652150208020652000198019201900
0701644010165000137000500137500007027000705123451935180517901770167016551640154015251505141013901375128012601245225521702155208520702005198519251905
0701650010165600137500500138000007052000707723451940181017951780168016601645154515301510141514001380128512701250226021752155209020752010199019301910
0701656010166200138000500138500007078000710323501950181518001785168516651650155515351520142014051385129512751255226521802160209520802010199519351915
0701662010166800138500500139000007104000712823551955182018051790169016751655156015401525143014101395130012801265227021802165210020802015200019351920
0701668010167400139000500139500007129000715423601960182518101795169516801660156515451530143514151400130512851270227521852170210020852020200519401925
0701674010168000139500500140000007155000717923651965183018151800170016851670157015551535144014251405131012951275228021902175210520902025201019451930
0701680010168600140000500140500007180000720523701975184018201805170516901675157515601540144514301410131513001280228521952180211020952030201019501935
0701686010169200140500500141000007206000723123701980184518301810171016951680158015651550145514351420132513051290229022002185211521002035201519551935
0701692010169800141000500141500007232000725623751985185018351820172017001685159015701555146014401425133013101295229522052190212021052040202019601940
0701698010170400141500500142000007257000728223801990185518401825172517101690159515751560146514451430133513201300230022102195212521102040202519651945
0701704010171000142000500142500007283000730823851995186018451830173017151695160015851565147014551435134013251305230522152200213021102045203019651950
0701710010171600142500500143000007309000733323902005186518501835173517201705160515901570147514601440135013301315231022202205213521152050203519701955
0701716010172200143000500143500007334000735923902010187018551840174017251710161015951580148014651450135513351320231522252210213521202055204019751960
0701722010172800143500500144000007360000738523952015188018651850174517301715161516001585149014701455136013451325232022302215214021252060204519801965
0701728010173400144000500144500007386000741024002020188518701855175017351720162016051590149514751460136513501330232522352220214521302065204519851965
0701734010174000144500500145000007411000743624052025189018751860175517401725163016101595150014851465137013551340233022402225215021352070205019901970
0701740010174600145000500145500007437000746224102035189518801865176517501730163516201600150514901470138013601345233522452230215521402070205519951975
0701746010175200145500500146000007463000748724102040190518901875177017551740164016251605151014951480138513701350234022502235216021452075206019951980
0701752010175800146000500146500007488000751324152045191018951880177517601745164516301610151515001485139013751355234522552240216521502080206520001985
0701758010176400146500500147000007514000753824202050191519001885178017651750165016351620152515051490139513801365235022602245217021552085207020051990
0701764010177000147000500147500007539000756424252055192019051890178517701755165516401625153015151495140513851370235522652250217021552090207520101995
0701770010177600147500500148000007565000759024252060192519151900179017751760166016451630153515201500141013901375236022702255217521602095207520151995
0701776010178200148000500148500007591000761524302065193519201905180017801765167016501635154015251510141514001380236522752260218021652100208020202000
0701782010178800148500500149000007616000764124352070194019251910180517901775167516601640154515301515142014051385237022802265218521702100208520202005
0701788010179400149000500149500007642000766724402080194519301915181017951780168016651650155515351520142514101395237522852270219021752105209020252010
0701794010180000149500500150000007668000769224452085195019351925181518001785168516701655156015401525143514151400238022902275219521802110209520302015
0701800010180600150000500150500007693000771824452090195519451930182018051790169016751660156515451530144014201405238522902280220021852115210020352020
0701806010181200150500500151000007719000774424502095196519501935183018151795169516801665157015551535144514301410238523002285220521902120210520402025
0701812010181800151000500151500007745000776924552100197019551940183518201805170016851670157515601545145014351415239023002290221021952125211020452025
0701818010182400151500500152000007770000779524552105197519601945184018251810171016901675158015651550145514401420239523052290221522002130211020452030
0701824010183000152000500152500007796000782124602110198019651950184518301815171517001685158515701555146014451430240023102300222022052135211520502035
0701830010183600152500500153000007822000784624652115198519701960185018351820172017051690159015751560146514501435240523152300222522102135212020552040
0701836010184200153000500153500007847000787224702120199019801965186018451830172517101695160015801565147514551440241023202305223022152140212520602045
0701842010184800153500500154000007873000789724702125200019851970186518501835173017151700160515901570148014651445241523252310223522202145213020652050
0701848010185400154000500154500007898000792324752130200519901975187018551840173517201705161015951580148514701450242023302315224022252150213520702055
0701854010186000154500500155000007924000794924802135201019951980187518601845174517251710161516001585149014751460242523352320224522302155214020752060
0701860010186600155000500155500007950000797424802140201520001985188018701855175017351720162016051590149514801465242523402325225022352160214520802060
0701866010187200155500500156000007975000800024852145202020051990189018751860175517401725162516101595150014851470243023452330225522402165215020802065
0701872010187800156000500156500008001000802624902150202520102000189518801865176017451730163016151600151014901475243523502335226022452170215520852070
0701878010188400156500500157000008027000805124952155203020152005190018851870176517501735164016201605151515001480244023552340226522502175216020902075
0701884010189000157000500157500008052000807724952160203520202010190518901875177017551740164516301610152015051485244523552345227022552180216520952080
0701890010189600157500500158000008078000810325002165204020302015191019001885178017651750165016351620152515101495245023602350227522602185217021002085
0701896010190200158000500158500008104000812825052170204520352020192019051890178517701755165516401625153015151500245023652350228022652190217521052090
0701902010190800158500500159000008129000815425052175205520402025192519101895179017751760166016451630153515201505245523702355228522702195218021102095
0701908010191400159000500159500008155000817925102180206020452030193019151900179517801765166516501635154015251510246023752360228522752200218521102095
0701914010192000159500500160000008180000820525152185206520502035193519201905180517901775167016551640155015301515246523802365229022752205219021152100
0701920010192600160000500160500008206000823125152190207020552040194019251910181017951780168016651645155515401525247023852370229522852210219521202105
0701926010193200160500500161000008232000825625202195207520602045194519301920181518001785168516701655156015451530247023902375230022852215220021252110
0701932010193800161000500161500008257000828225252200208020652050195019351925182018051790169016751660156515501535247523902380230522902215220021302115
0701938010194400161500500162000008283000830825252205208520702060196019451930182518151800169516801665157015551540248023952385231022952220221021352120
0701944010195000162000500162500008309000833325302210209020752065196519501935183518201805170016851670157515601545248524002385231523002225221021402125
0701950010195600162500500163000008334000835925352215209520802070197019551940184018251810170516901675158015651550249024052390232023052230221521452130
0701956010196200163000500163500008360000838525352220210020852075197519601945184518301815171517001685159015701555249024102395232523102235222021502135
0701962010196800163500500164000008386000841025402225210520902080198019651950185018351820172017051690159515801565249524152400233023152240222521552140
0701968010197400164000500164500008411000843625452230211020952085198519701955185518401830172517101695160015851570250024202405233523202245223021602145
0701974010198000164500500165000008437000846225452235211521002090199019751965186018501835173017151700160515901575250524202410233523252250223521652150
0701980010198600165000500165500008463000848725502240212021052095199519801970187018551840174017251710161015951580250524252410234023252255224021652155
0701986010199200165500500166000008488000851325552245212521102100200019851975187518601845174517301715161516001585251024302415234523302260224521752160
0701992010199800166000500166500008514000853825602250213021152105200519951980188018651850175017351720162016051590251524352420235023352265225021752165
0701998010200400166500500167000008539000856425602255213521202110201020001985188518701855175517401725162516101595252024352425235523402270225521802165
0702004010201000167000500167500008565000859025652260214021252115201520051990189018751860176017501735163516201605252524402430236023452275226021852170
0702010010201600167500500168000008591000861525702260214521302120202020101995189518801870177017551740164016251610252524452435236023502280226521902175
0702016010202200168000500168500008616000864125702265215021352125202520152000190018901875177517601745164516301615253024502435236523552280227021952180
0702022010202800168500500169000008642000866725752270215521402130203020202005191018951880178017651750165016351620253524552440237023552285227522002185
0702028010203400169000500169500008668000869225802275216021452135203520252010191519001885178517701755165516401625254024552445237523602290227522052190
0702034010204000169500500170000008693000871825852280216521502140204520302015192019051890179017801765166516501635254024602450238023652295228022102195
0702040010204600170000500170500008719000874425852285217021552145205020352020192519101895180017851770167016551640254524652455238523702300228522152200
0702046010205200170500500171000008745000876925902290217521602145205520402025193019151900180517901775167516601645255024702455238523752305229022202205
0702052010205800171000500171500008770000879525952295218021652155206020452030193519201905181017951780168016651650255024752460239023802310229522252210
0702058010206400171500500172000008796000882125952295218021702155206520502035194019251910181518001785168516751660255524752465239523802315230022302215
0702064010207000172000500172500008822000884626002300218521752160207020552040194519301920182018051790169516801665256024802470240023852315230522352220
0702070010207600172500500173000008847000887226052305219021802165207520602045195019351925182518101800170016851670256524852470240523902320231022402225
0702076010208200173000500173500008873000889726102310219521852170208020652050195519401930183018201805170516901675256524902475241023952325231022402230
0702082010208800173500500174000008898000892326102315220021902175208020702055196019451935183518251810171016951680257024902480241024002330231522452230
0702088010209400174000500174500008924000894926152320220521952180209020752060196519551940184518301815172017051690257524952485241524052335232022502235
0702094010210000174500500175000008950000897426202325221021952185209020802065197019601945185018351820172517101695257525002485242024052340232522552240
0702100010210600175000500175500008975000900026202330221522002190210020852070197519651950185518401825173017151700258025052490242524102345233022602245
0702106010211200175500500176000009001000902626252330222022052195210020902075198019701955186018451830173517201705258525052495243024152345233522652250
0702112010211800176000500176500009027000905126302335222522102200210520952080198519751960186518501835174017251710258525102500243024202350233522702255
0702118010212400176500500177000009052000907726302340223022152205211021002085199019801965187018551845174517351720259025152500243524252355234022752260
0702124010213000177000500177500009078000910326352345223022202210211521052090199519851970187518601850175017401725259525202505244024252360234522752265
0702130010213600177500500178000009104000912826402350223522252210212021102095200019901975188018651855176017451730260025202510244524302365235022802270
0702136010214200178000500178500009129000915426402350224022302215212521152100201019951980188518751860176517501735260025252515244524352365235522852270
0702142010214800178500500179000009155000917926452355224522352220213021202105201020001985189018801865177017551740260525302515245024402370236022902275
0702148010215400179000500179500009180000920526502360225022402225213521252110202020051990190018851870177517601750261025352520245524402375236022952280
0702154010216000179500500180000009206000923126502365225522402230214021252115202020101995190518901875178017651755261025352525246024452380236523002285
0702160010216600180000500180500009232000925626552370226022452235214521302120202520152000191018951880178517701760261525402525246024502385237023052290
0702166010217200180500500181000009257000928226602370226522502240215021352125203020202005191519001885179017801765262025452530246524552385237523052295
0702172010217800181000500181500009283000930826602375226522552245215521402130203520252010192019051890180017851770262025452535247024552390238023102300
0702178010218400181500500182000009309000933326652380227022602245216021452135204020302015192519101895180517901775262525502540247524602395238023152300
0702184010219000182000500182500009334000935926702385227522652250216521502140204520352020193019151900181017951780263025552540247524652400238523202305
0702190010219600182500500183000009360000938526702390228022702255216521552140205020402025193519201905181518001785263025552545248024702400239023252310
0702196010220200183000500183500009386000941026752390228522702260217021602145205520452030194019251910182018051790263525602550248524702405239523252315
0702202010220800183500500184000009411000943626802395229022752265217521652150206020502035194519301920182518101800264025652550249024752410239523302320
0702208010221400184000500184500009437000946226802400229022802270218021702155206520552040195019351920183018151805264025652555249024802415240023352320
0702214010222000184500500185000009463000948726852405229522852275218521752160207020602045195519401930183518201810264525702560249524852420240523402325
0702220010222600185000500185500009488000951326852405230022902275219021752165207520652050196019451935184018251815264525752560250024852420241023452330
0702226010223200185500500186000009514000953826902410230522952280219521802170208020652055196519501940184518351820265025752565250024902425241023452335
0702232010223800186000500186500009539000956426952415231022952285220021852175208520702060197019551945185018401825265525802570250524952430241523502340
0702238010224400186500500187000009565000959026952420231023002290220021902180209020752065197519601950185518451830265525852570251024952435242023552340
0702244010225000187000500187500009591000961527002420231523052295220521952180209520802070198019651955186018501835266025852575251025002435242523602345
0702250010225600187500500188000009616000964127002425232023102300221022002185210020852075198519701960186518551840266525902580251525052440243023652350
0702256010226200188000500188500009642000966727052430232523152300221522052190210520902080199019751965187018601845266525952580252025052445243023652355
0702262010226800188500500189000009668000969227102435233023152305222022052195210520952080199519801965187518651850267025952585252525102445243523702360
0702268010227400189000500189500009693000971827102435233023202310222522102200211021002085200019851975188518701855267026002590252525152450244023752360
0702274010228000189500500190000009719000974427152440233523252315223022152205211521052090200519901975189018751860267526052590253025202455244023802365
0702280010228600190000500190500009745000976927202445234023302320223022202210212021102095201019951980189518801865268026052595253525202460244523852370
0702286010229200190500500191000009770000979527202450234523352320223522252210212521152100201520001985190018851870268026102600253525252460245023852375
0702292010229800191000500191500009796000982127252450235023352325224022302215213021202105201520051990190518901875268526152600254025302465245523902375
0702298010230400191500500192000009822000984627252455235023402330224522352220213521202110202020101995191018951880268526152605254525302470245523952380
0702304010231000192000500192500009847000987227302460235523452335225022352225214021252115202520152000191519001885269026202610254525352475246024002385
0702310010231600192500500193000009873000989727302460236023502335225522402230214521302120203020202005192019051890269526202610255025402475246524002390
0702316010232200193000500193500009898000992327352465236523502340225522452235215021352125203520252010192519101895269526252615255525402480247024052390
0702322010232800193500500194000009924000994927402470236523552345226022502235215021402125204020302015193019151900270026302620255525452485247024102395
0702328010233400194000500194500009950000997427402475237023602350226522552240215521452130204520352020193019201905270026302620256025502485247524102400
0702334010234000194500500195000009975001000027452475237523652355227022602245216021502135205020402025194019251910270526352625256525502490248024152405
0702340010234600195000500195500010001001002627452480238023652355227522602250216521552140205520402030194019301915271026402625256525552495248024202405
0702346010235200195500500196000010027001005127502485238023702360227522652255217021552145206020452035194519351920271026402630257025602495248524252410
0702352010235800196000500196500010052001007727502485238523752365228022702260217521602150206520502040195019401925271526452635257525602500249024252415
0702358010237000196500500197500010078001012827552490239023802370228522752265218021702155207020602045196019451935272026502640258025652505249524302420
0702370010238200197500500198500010129001017927602500240023902375229522852270219021752165208020652055197019551945272526552645258525752515250024402425
0702382010239400198500500199500010180001023127652505240523952385230022902280219521852170209020752065198019651955273026602650259025802520250524452435
0702394010240600199500500200500010232001028227752510241524002390231023002285220521952180209520852070198519751960273526652655259525852525251524552440
0702406010241800200500500201500010283001033327802520242024102400232023052295221522002190210520952080199519851970274026752660260525902530252024602450
0702418010243000201500500202500010334001038527852525243024152405232523152305222022102200211521002090200519951980274526802670261026002540252524702455
0702430010244200202500500203500010386001043627902530243524252415233523202310223022152205212521102100201520001990275026852675261526052545253524752460
0702442010245400203500500204500010437001048727952540244024302420234023302320223522252215213021202105202520102000275526902680262026102550254024802470
0702454010246600204500500205500010488001053828002545245024402425235023352325224522352220214021302115203520202010276026952685263026152560254524902475
0702466010247800205500500206500010539001059028052550245524452435235523452335225522402230215021352125204020302015277027002690263526252565255524952485
0702478010249000206500500207500010591001064128102555246024502440236023502340226022502235215521452130205020402025277527052695264026302570256025002490
0702490010250200207500500208500010642001069228152565247024602450237023602350227022552245216521552140206020452035278027152700264526352575256525052495
0702502010251400208500500209500010693001074428202570247524652455237523652355227522652255217521602150207020552045278527202710265026402585257025152500
0702514010252600209500500210500010745001079528252575248024702460238523752360228522702260218021702155207520652050279027252715265526452590258025202510
0702526010253800210500500211500010796001084628302580249024802470239023802370229022802270219021752165208520752060279527302720266526502595258525252515
0702538010255000211500500212500010847001089728352590249524852475240023852375230022852275219521852175209520802070280027352725267026602600259025352520
0702550010256200212500500213500010898001094928402595250024902480240523952385230522952285220521952180210020902080280527402730267526652610259525402530
0702562010257400213500500214500010950001100028452600251025002485241024002390231523002290221022002190211021002085281027452735268026702615260025452535
0702574010258600214500500215500011001001105128502605251525052495242024102395232023102300222022102195212021052095281527502740268526752620261025502540
0702586010259800215500500216500011052001110328552610252025102500242524152405232523152305222522152205212521152105282027552745269026802625261525602545
0702598010261000216500500217500011104001115428602620252525152505243024202410233523252315223522252215213521252110282527602750269526852630262025652555
0702610010262200217500500218500011155001120528652625253525252515244024302415234023302320224022302220214021302120283027652755270026902635262525702560
0702622010263400218500500219500011206001125628702630254025302520244524352425235023402325225022402230215021402125283527702760270526952640263025752565
0702634010264600219500500220500011257001130828752635254525352525245024402430235523452335225522452235216021452135284027752765271527002650263525802570
0702646010265800220500500221500011309001135928802640255025402530246024502440236523502340226522552245216521552145284527802770272027102655264525902575
0702658010267000221500500222500011360001141028852645255525502540246524552445237023602350227022602250217521602150284527852775272527152660265025952585
0702670010268200222500500223500011411001146228902650256525552545247024602450237523652355228022702255218021702160285027902780273027202665265526002590
0702682010269400223500500224500011463001151328952660257025602550247524652455238523702360228522752265219021752165285527952785273527252670266026052595
0702694010270600224500500225500011514001156428952665257525652555248524752465239023802370229522802270219521852175286028002790274027302675266526102600
0702706010271800225500500226500011565001161529002670258025702560249024802470239523852375230022902280220521902180286528052795274527352680267026152605
0702718010273000226500500227500011616001166729052675258525752570249524852475240523902380231022952285221022002190287028102800275027402685267526252610
0702730010274200227500500228500011668001171829102680259525852575250024902480241024002390231523052295222022102195287528152805275527452690268026302620
0702742010275400228500500229500011719001176929152685260025902580251025002490241524052395232023102300222522152205288028202810276027502695268526352625
0702754010276600229500500230500011770001182129202690260525952585251525052495242024102400233023202305223522202210288528252815276527552700269026402630
0702766010277800230500500231500011822001187229252695261026002590252025102500243024202410233523252315224022302220289028302820277027602705269526452635
0702778010279000231500500232500011873001192329302700261526052595252525152505243524252415234023302320224522352225289528352825277527652715270026502640
0702790010280200232500500233500011924001197429352705262026102600253025202510244024302420235023402325225522452235289528402830278027702715270526552645
0702802010281400233500500234500011975001202629352710262526152610254025302520244524352425235523452335226022502240290028452835278527752725271526602650
0702814010282600234500500235500012027001207729402715263026202615254525352525245524452435236023502340227022602245290528502840279027802730272026652655
0702826010283800235500500236500012078001212829452720263526302620255025402530246024502440237023602350227522652255291028552845279527852735272526702660
0702838010285000236500500237500012129001217929502725264026352625255525452535246524552445237523652355228022702260291528552850280027902740273026752665
0702850010286200237500500238500012180001223129552730265026402630256025502540247024602450238023702360229022802270292028602850280527952745273526802670
0702862010287400238500500239500012232001228229602735265526452635256525552550248024702460239023802365229522852275292528652855281028002750274026852675
0702874010288600239500500240500012283001233329602740266026502640257025652555248524752465239523852375230022902280292528702860281028002750274026902680
0702886010289800240500500241500012334001238529652745266526552645258025702560249024802470240023902380231023002290293028752865281528052755274526952685
0702898010291000241500500242500012386001243629702750267026602650258525752565249524852475240523952385231523052295293528802870282028102760275027002690
0702910010292200242500500243500012437001248729752755267526652655259025802570250024902480241524052395232523102300294028852875282528152765275527102695
0702922010293400243500500244500012488001253829802760268026702660259525852575250525002490242024102400233023202310294528852880283028202770276027102700
0702934010294600244500500245500012539001259029802765268526752665260025902580251525052495242524152405233523252315294528902885283528252775276527152705
0702946010295800245500500246500012591001264129852770269026802670260525952585252025102500243024202410234023302320295028952885284028302780277027202710
0702958010297000246500500247500012642001269229902775269526852675261026002590252525152505243524302420235023402330295529002890284528352785277527252715
0702970010298200247500500248500012693001274429952780270026902680261526052595253025202510244524352425235523452335296029052895285028402790278027302720
0702982010299400248500500249500012745001279529952785270526952685262026102605253525252515245024402430236023502340296529102900285028452795278527352725
0702994010300600249500500250500012796001284630002790271027002690262526152610254025302525245524452435236523552345296529152905285528502800279027402730
0703006010301800250500500251500012847001289730052795271527052695263026252615254525402530246024502440237523652355297029152910286028502805279527452735
0703018010303000251500500252500012898001294930102795272027102700263526302620255525452535246524552445238023702360297529202910286528552810280027502740
0703030010304200252500500253500012950001300030152800272527152705264026352625256025502540247524652455238523752365298029252915287028602815280527552745
0703042010305400253500500254500013001001305130152805273027202710264526402630256525552545248024702460239023802370298029302920287528652820281027602750
0703054010306600254500500255500013052001310330202810273527252715265026452635257025602550248524752465240023902380298529352925288028702820281027652755
0703066010307800255500500256500013104001315430252815274027302720265526502640257525652555249024802470240523952385299029352930288028752825281527702760
0703078010309000256500500257500013155001320530252820274027352725266026552645258025702560249524852475241024002390299529402930288528752830282027752765
0703090010310200257500500258500013206001325630302825274527402730266526602650258525752565250024902480241524052395299529452935289028802835282527802770
0703102010311400258500500259500013257001330830352830275027452735267026652655259025802570250524952490242024102400300029502940289528852840283027852775
0703114010312600259500500260500013309001335930402835275527502740267526702660259525852575251025052495243024202410300529502945290028902845283527902780
0703126010313800260500500261500013360001341030402835276027552745268026752665260025902580252025102500243524252415301029552950290028952850284027902785
0703138010315000261500500262500013411001346230452840276527552750268526802670260525952590252525152505244024302420301029602950290529002850284527952785
0703150010316200262500500263500013463001351330502845277027602755269026852675261026002595253025202510244524352425301529652955291029002855284528002790
0703162010317400263500500264500013514001356430502850277527652760269526852680261526052600253525252515245024402430302029652960291529052860285028052795
0703174010318600264500500265500013565001361530552855278027702760270026902685262026102605254025302520245524452435302529702965292029102865285528102800
0703186010319800265500500266500013616001366730602860278527752765270526952690262526152610254525352525246024502445302529752965292029152870286028152805
0703198010321000266500500267500013668001371830652860278527802770271027002695263026202615255025402530246524602450303029802970292529152870286528202810
0703210010322200267500500268500013719001376930652865279027852775271527052700263526252620255525452535247524652455303529802975293029202875287028202815
0703222010323400268500500269500013770001382130702870279527902780272027102705264026302625256025502540248024702460303529852980293529252880287028252820
0703234010324600269500500270500013822001387230752875280027902785272527152705264526352630256525552545248524752465304029902980293529302885287528302820
0703246010325800270500500271500013873001392330752880280527952790273027202710265026402635257025602550249024802470304529952985294029352890288028352825
0703258010327000271500500272500013924001397430802880281028002795273527252715265526452640257525652560249524852475304529952990294529352895288528402830
0703270010328200272500500273500013975001402630852885281528052800274027302720266026502645258025702565250024902480305030002990295029402895289028452835
0703282010329400273500500274500014027001407730852890281528102800274027352725266526552645258525752570250524952485305530052995295029452900289028452840
0703294010330600274500500275500014078001412830902895282028152805274527402730267026602650259025802575251025002490305530053000295529502905289528502845
0703306010331800275500500276500014129001417930952900282528202810275027452735267526652655259525852580251525052500306030103005296029502910290028552845
0703318010333000276500500277500014180001423130952900283028202815275527452740268026702660260025902585252025102505306530153005296529552910290528602850
0703330010334200277500500278500014232001428231002905283528252820276027502745268526752665260525952590252525152510306530153010296529602915290528652855
0703342010335400278500500279500014283001433331002910284028302825276527552750269026802670261026002595253025252515307030203015297029602920291028652860
0703354010336600279500500280500014334001438531052915284028352825277027602750269526852675261526052600253525302520307530253015297529652925291528702865
0703366010337800280500500281500014386001443631102915284528402830277027652755269526902680262026102605254025352525307530253020298029702925292028752865
0703378010339000281500500282500014437001448731102920285028402835277527702760270026952685262526152605254525402530308030303025298029752930292028802870
0703390010340200282500500283500014488001453831152925285528452840278027752765270527002690263026202610255025452535308530353025298529752935292528852875
0703402010341400283500500284500014539001459031202930286028502845278527752770271027002695263526252615255525502540308530403030299029802940293028852880
0703414010342600284500500285500014591001464131202930286028552845279027802775271527052700264026302620256025552545309030403035299029852940293528902880
0703426010343800285500500286500014642001469231252935286528602850279527852780272027102705264526352625256525602550309030453035299529852945293528952885
0703438010345000286500500287500014693001474431252940287028602855280027902780272527152705265026402630257025652555309530503040300029902950294029002890
0703450010346200287500500288500014745001479531302945287528652860280027952785273027202710265526452635257525702560310030503045300029952955294529002895
0703462010347400288500500289500014796001484631352945287528702860280528002790273027252715265526502640258025752565310030553045300529952955295029052895
0703474010348600289500500290500014847001489731352950288028752865281028002795273527302720266026552645258525802570310530553050301030002960295029102900
0703486010349800290500500291500014898001494931402955288528802870281528052800274027352725266526602650259025852575310530603055301030052965295529152905
0703498010351000291500500292500014950001500031402955289028802875282028102805274527352730267026652655259525852580311030653055301530102965296029152910
0703510010352200292500500293500015001001505131452960289028852880282028152805275027402735267526652660260025902585311530653060302030102970296029202910
0703522010353400293500500294500015052001510331502965289528902880282528202810275527452740268026702665260525952590311530703060302030152975296529252915
0703534010354600294500500295500015104001515431502965290028952885283028202815276027502740268526752670261026002595312030753065302530202975297029302920
0703546010355800295500500296500015155001520531552970290528952890283528252820276027552745269026802670261526052595312030753070303030202980297029302925
0703558010357000296500500297500015206001525631552975290529002895284028302820276527602750269526852675262026102600312530803070303030252985297529352925
0703570010358200297500500298500015257001530831602980291029052895284028352825277027602755270026902680262526152605313030803075303530302985298029402930
0703582010359400298500500299500015309001535931652980291529052900284528402830277527652760270026952685263026202610313030853080304030302990298529402935
0703594010360600299500500300500015360001541031652985292029102905285028402835278027702760270527002690263526252615313530903080304030352995298529452935
0703606010361800300500500301500015411001546231702990292029152905285528452840278027752765271027002695263526302620313530903085304530352995299029502940
0703618010363000301500500302500015463001551331702990292529202910285528502840278527802770271527052700264026352625314030953085305030403000299529552945
0703630010364200302500500303500015514001556431752995293029202915286028552845279027852775272027102705264526402630314030953090305030453005299529552950
0703642010365400303500500304500015565001561531753000293029252920286528552850279527852780272527152705265026402635314531003095305530453005300029602950
0703654010366600304500500305500015616001566731803000293529302920287028602855280027902785272527202710265526452640315031053095305530503010300529652955
0703666010367800305500500306500015668001571831803005294029302925287028652855280027952785273027252715266026502645315031053100306030553015300529652960
0703678010369000306500500307500015719001576931853005294529352930287528702860280528002790273527302720266526552645315531103100306530553015301029702960
0703690010370200307500500308500015770001582131853010294529402930288028702865281028002795274027302725267026602650315531103105306530603020301029752965
0703702010371400308500500309500015822001587231903015295029452935288528752870281528052800274527352730267526652655316031153110307030603025301529752970
0703714010372600309500500310500015873001592331953015295529452940288528802870282028102805275027402730267526702660316031203110307530653025302029802970
0703726010373800310500500311500015924001597431953020295529502940289028802875282028152805275027452735268026752665316531203115307530703030302029852975
0703738010375000311500500312500015975001602632003025296029552945289528852880282528202810275527502740268526752670316531253115308030703035302529852980
0703750010376200312500500313500016027001607732003025296529552950289528902880283028202815276027502745269026802675317031253120308030753035303029902980
0703762010377400313500500314500016078001612832053030296529602955290028952885283528252820276527552750269526852680317531303120308530753040303029952985
0703774010378600314500500315500016129001617932053035297029652955290528952890283528302820277027602750270026902680317531303125308530803040303529952990
0703786010379800315500500316500016180001623132103035297529652960290529002895284028352825277027652755270026952685318031353130309030853045303530002990
0703798010381000316500500317500016232001628232103040297529702965291029052895284528352830277527702760270527002690318031353130309530853050304030002995
0703810010382200317500500318500016283001633332153040298029752965291529052900285028402835278027702765271027052695318531403135309530903050304530053000
0703822010383400318500500319500016334001638532153045298529752970292029102905285028452835278527752770271527052700318531453135310030903055304530103000
0703834010384600319500500320500016386001643632203050298529802970292029152905285528502840278527802770272027102705319031453140310030953055305030103005
0703846010385800320500500321500016437001648732203050299029802975292529202910286028502845279027852775272027152705319031503140310531003060305530153005
0703858010387000321500500322500016488001653832253055299029852980293029202915286028552845279527852780272527202710319531503145310531003065305530203010
0703870010388200322500500323500016539001659032253055299529902980293029252915286528602850280027902785273027252715319531553145311031053065306030203015
0703882010389400323500500324500016591001664132303060300029902985293529302920287028602855280027952785273527252720320031553150311531053070306030253015
0703894010390600324500500325500016642001669232303065300029952990294029302925287528652860280528002790274027302725320031603150311531103070306530253020
0703906010391800325500500326500016693001674432353065300530002990294029352925287528702860281028002795274027352725320531603155312031103075306530303025
0703918010393000326500500327500016745001679532353070301030002995294529402930288028702865281528052800274527402730320531653160312031153080307030353025
0703930010394200327500500328500016796001684632403070301030053000295029402935288528752870281528102800275027402735321031653160312531153080307530353030
0703942010395400328500500329500016847001689732403075301530103000295029452935288528802870282028152805275527452740321031703165312531203085307530403030
0703954010396600329500500330500016898001694932453075301530103005295529452940289028852875282528152810276027502740321531703165313031253085308030403035
0703966010397800330500500331500016950001700032453080302030153005296029502945289528852880283028202815276027552745321531753170313031253090308030453040
0703978010399000331500500332500017001001705132503085302530153010296029552945289528902885283028252815276527602750322031753170313531303090308530503040
0703990010400200332500500333500017052001710332503085302530203015296529552950290028952885283528302820277027602755322031803175313531303095308530503045
0704002010401400333500500334500017104001715432553090303030253015296529602955290528952890284028302825277527652760322531803175314031353095309030553045
0704014010402600334500500335500017155001720532553090303030253020297029652955290529002895284028352830277527702760322531853180314531353100309530553050
0704026010403800335500500336500017206001725632603095303530303020297529652960291029052895284528402830278027752765323031853180314531403105309530603055
0704038010405000336500500337500017257001730832603095304030303025297529702965291529052900285028402835278527752770323031903185315031403105310030653055
0704050010406200337500500338500017309001735932653100304030353030298029752965291529102905285528452840279027802775323531903185315031453110310030653060
0704062010407400338500500339500017360001741032653105304530403030298529752970292029152905285528502840279027852775323531953190315531453110310530703060
0704074010408600339500500340500017411001746232653105304530403035298529802975292529152910286028552845279527902780323531953190315531503115310530703065
0704086010409800340500500341500017463001751332703110305030453035299029802975292529202915286528552850280027902785324032003195316031503115311030753065
0704098010411000341500500342500017514001756432703110305530453040299029852980293029252915286528602850280027952785324032003195316031553120311030753070
0704110010412200342500500343500017565001761532753115305530503045299529902980293529252920287028652855280528002790324532053200316531553120311530803075
0704122010413400343500500344500017616001766732753115306030503045300029902985293529302925287528652860281028002795324532053200316531603125312030853075
0704134010414600344500500345500017668001771832803120306030553050300029952990294029352925287528702860281528052800325032103205317031603125312030853080
0704146010415800345500500346500017719001776932803120306530603050300530002990294529352930288028752865281528102800325032103205317031653130312530903080
0704158010417000346500500347500017770001782132853125306530603055300530002995294529402930288528752870282028152805325532153210317531653135312530903085
0704170010418200347500500348500017822001787232853125307030653055301030052995295029402935288528802870282528152810325532153210317531703135313030953085
0704182010419400348500500349500017873001792332853130307030653060301530053000295029452940289028852875282528202810326032203215318031703140313030953090
0704194010420600349500500350500017924001797432903130307530703065301530103005295529502940289528852880283028252815326032203215318031753140313531003090
0704206010421800350500500351500017975001802632903135308030703065302030103005296029502945289528902885283528252820326532253215318531753145313531003095
0704218010423000351500500352500018027001807732953135308030753070302030153010296029552950290028952885283528302825326532253220318531803145314031053095
0704230010424200352500500353500018078001812832953140308530753070302530203010296529602950290528952890284028352825326532303220319031803150314031053100
0704242010425400353500500354500018129001817933003140308530803075303030203015296529602955290529002890284528352830327032303225319031853150314531103105
0704254010426600354500500355500018180001823133003145309030853075303030253020297029652955291029052895284528402835327032353225319531853155314531103105
0704266010427800355500500356500018232001828233053145309030853080303530253020297529652960291029052900285028452835327532353230319531903155315031153110
0704278010429000356500500357500018283001833333053150309530903080303530303025297529702965291529102900285528452840327532353230320031903160315031153110
0704290010430200357500500358500018334001838533053150309530903085304030353025298029752965292029102905285528502845328032403235320031953160315531203115
0704302010431400358500500359500018386001843633103155310030953085304030353030298529752970292029152910286028552845328032403235320531953165315531253115
0704314010432600359500500360500018437001848733103155310030953090304530403030298529802970292529202910286528552850328032453240320532003165316031253120
0704326010433800360500500361500018488001853833153160310531003095304530403035299029802975293029202915286528602855328532453240320532003170316031253120
0704338010435000361500500362500018539001859033153160310531003095305030453035299029852980293029252920287028652855328532503245321032053170316531303125
0704350010436200362500500363500018591001864133153165311031053100305530453040299529852980293529252920287528652860329032503245321032053170316531303125
0704362010437400363500500364500018642001869233203165311031053100305530503045299529902985293529302925287528702865329032553245321532103175317031353130
0704374010438600364500500365500018693001874433203170311531103105306030503045300029952985294029352925288028752865329032553250321532103175317031403130
0704386010439800365500500366500018745001879533253170311531103105306030553050300529952990294529352930288528752870329532553250322032153180317531403135
0704398010441000366500500367500018796001884633253175312031153110306530553050300530002995294529402935288528802875329532603255322032153180317531403135
0704410010442200367500500368500018847001889733303175312031153110306530603055301030002995295029452935289028852875330032603255322532153185318031453140
0704422010443400368500500369500018898001894933303180312531203115307030653055301030053000295029452940289528852880330032653260322532203185318031503140
0704434010444600369500500370500018950001900033303180313031203115307030653060301530103000295529502940289528902880330532653260323032203190318531503145
0704446010445800370500500371500019001001905133353185313031253120307530703060301530103005296029502945290028902885330532703260323032253190318531503145
0704458010447000371500500372500019052001910333353185313031253120307530703065302030153005296029552950290028952890330532703265323032253195318531553150
0704470010448200372500500373500019104001915433403190313531303125308030753065302030153010296529602950290529002890331032703265323532303195319031553150
0704482010449400373500500374500019155001920533403190313531303125308030753070302530203010296529602955291029002895331032753270323532303200319031603155
0704494010450600374500500375500019206001925633403195314031353130308530803070303030203015297029652955291029052900331532753270324032353200319531603155
0704506010451800375500500376500019257001930833453195314031353130308530803075303030253020297529652960291529102900331532803275324032353205319531653160
0704518010453000376500500377500019309001935933453200314531403135309030853080303530253020297529702965291529102905331532803275324532353205320031653160
0704530010454200377500500378500019360001941033453200314531403135309030853080303530303025298029702965292029152905332032803275324532403205320031703165
0704542010455400378500500379500019411001946233503200315031453140309530903085304030303025298029752970292529152910332032853280325032403210320531703165
0704554010456600379500500380500019463001951333503205315031453140309530903085304030353030298529802970292529202915332532853280325032453210320531753165
0704566010457800380500500381500019514001956433553205315531503145310030953090304530403030298529802975293029252915332532903285325032453215321031753170
0704578010459000381500500382500019565001961533553210315531503145310030953090304530403035299029852975293029252920332532903285325532503215321031803170
0704590010460200382500500383500019616001966733553210316031553150310531003095305030453035299529852980293529302920333032953285325532503220321031803175
0704602010461400383500500384500019668001971833603215316031553150310531003095305030453040299529902985294029302925333032953290326032503220321531853175
0704614010462600384500500385500019719001976933603215316531603155311031053100305530503040300029902985294029352930333032953290326032553225321531853180
0704626010463800385500500386500019770001982133603220316531603155311031053100305530503045300029952990294529352930333533003295326032553225322031853180
0704638010465000386500500387500019822001987233653220317031653155311531103105306030553050300529952990294529402935333533003295326532603225322031903185
0704650010466200387500500388500019873001992333653220317031653160311531103105306530553050300530002995295029452935334033053295326532603230322531903185
0704662010467400388500500389500019924001997433703225317531653160312031153110306530603055301030052995295029452940334033053300327032603230322531953190
0704674010468600389500500390500019975002002633703225317531703165312031153110307030603055301030053000295529502940334033053300327032653235323031953190
0704686010469800390500500391500020027002007733703230318031703165312531203115307030653060301530103000296029502945334533103305327532653235323032003195
0704698010471000391500500392500020078002012833753230318031753170312531203115307530653060301530103005296029552950334533103305327532703240323032003195
0704710010472200392500500393500020129002017933753235318031753170313031253120307530703065302030153005296529552950334533103305327532703240323532053195
0704722010473400393500500394500020180002023133753235318531803175313031253120308030703065302530153010296529602955335033153310328032753240323532053200
0704734010474600394500500395500020232002028233803235318531803175313531303125308030753070302530203015297029652955335033153310328032753245324032103200
0704746010475800395500500396500020283002033333803240319031853180313531303125308530753070303030203015297029652960335533203315328532753245324032103205
0704758010477000396500500397500020334002038533803240319031853180314031353125308530803075303030253020297529702960335533203315328532803250324032103205
0704770010478200397500500398500020386002043633853245319531903180314031353130309030803075303530253020298029702965335533203315328532803250324532153210
0704782010479400398500500399500020437002048733853245319531903185314531403130309030853080303530303025298029752970336033253320329032853255324532153210
0704794010480600399500500400500020488002053833903250320031903185314531403135309530853080304030303025298529752970336033253320329032853255325032203210
0704806010481800400500500401500020539002059033903250320031953190315031403135309530903085304030353030298529802975336033253320329032853255325032203215
0704818010483000401500500402500020591002064133903250320031953190315031453140309530903085304530353030299029802975336533303325329532903260325532253215
0704830010484200402500500403500020642002069233953255320532003195315531453140310030953090304530403035299029852980336533303325329532903260325532253220
0704842010485400403500500404500020693002074433953255320532003195315531503145310030953090305030403035299529902980336533353330330032903265325532253220
0704854010486600404500500405500020745002079533953260321032053200315531503145310531003095305030453040299529902985337033353330330032953265326032303225
0704866010487800405500500406500020796002084634003260321032053200316031553150310531003095305530503040300029952985337033353330330032953265326032303225
0704878010489000406500500407500020847002089734003260321532053200316031553150311031053100305530503045300029952990337033403335330533003270326532353225
0704890010490200407500500408500020898002094934003265321532103205316531603155311031053100306030503045300530002990337533403335330533003270326532353230
0704902010491400408500500409500020950002100034053265321532103205316531603155311531103100306030553050300530002995337533403335331033003275326532353230
0704914010492600409500500410500021001002105134053270322032153210317031653155311531103105306530603050301030053000337533453340331033053275327032403235
0704926010493800410500500411500021052002110334053270322032153210317031653160312031153105306530603055301030053000338033453340331033053275327032403235
0704938010495000411500500412500021104002115434103270322532203210317531653160312031153110307030603055301530103005338033453340331533103280327532453235
0704950010496200412500500413500021155002120534103275322532203215317531703165312531203110307030653060301530103005338033503345331533103280327532453240
0704962010497400413500500414500021206002125634103275322532203215317531703165312531203115307530653060302030153010338533503345331533103280327532453240
0704974010498600414500500415500021257002130834153275323032253220318031753170313031203115307530703065302030153010338533553345332033153285328032503245
0704986010499800415500500416500021309002135934153280323032253220318031753170313031253120308030703065302530203015338533553350332033153285328032503245
0704998010501000416500500417500021360002141034153280323532303225318531803175313531253120308030753070303030203015339033553350332533153290328032553245
0705010010502200417500500418500021411002146234203285323532303225318531803175313531303125308530753070303030253020339033603355332533203290328532553250
0705022010503400418500500419500021463002151334203285323532303225319031803175313531303125308530803075303530253020339033603355332533203290328532553250
0705034010504600419500500420500021514002156434203285324032353230319031853180314031353130309030803075303530303025339533603355333033203295329032603255
0705046010505800420500500421500021565002161534253290324032353230319031853180314031353130309030853080304030303025339533653360333033253295329032603255
0705058010507000421500500422500021616002166734253290324532403235319531903185314531403135309030853080304030353030339533653360333033253300329032653255
0705070010508200422500500423500021668002171834253290324532403235319531903185314531403135309530903085304030353030340033653360333533303300329532653260
0705082010509400423500500424500021719002176934303295324532403235320031953190315031453135309530903085304530403035340033703365333533303300329532653260
0705094010510600424500500425500021770002182134303295325032453240320031953190315031453140310030953090304530403035340033703365333533303305330032703265
0705106010511800425500500426500021822002187234303300325032453240320531953190315531453140310030953090305030453040340533703365334033353305330032703265
0705118010513000426500500427500021873002192334353300325532503245320532003195315531503145310531003090305030453040340533753370334033353305330032753265
0705130010514200427500500428500021924002197434353300325532503245320532003195315531503145310531003095305530503045340533753370334033353310330532753270
0705142010515400428500500429500021975002202634353305325532503245321032053200316031553150311031053095305530503045341033753370334533403310330532753270
0705154010516600429500500430500022027002207734353305326032553250321032053200316031553150311031053100306030553050341033803375334533403310330532803275
0705166010517800430500500431500022078002212834403305326032553250321532053200316531603150311531053100306030553050341033803375334533403315331032803275
0705178010519000431500500432500022129002217934403310326532603255321532103205316531603155311531103105306530603055341533803375335033453315331032803275
0705190010520200432500500433500022180002223134403310326532603255321532103205317031603155312031103105306530603055341533853380335033453320331032853280
0705202010521400433500500434500022232002228234453315326532603255322032153210317031653160312031153110307030653055341533853380335033453320331532853280
0705214010522600434500500435500022283002233334453315327032653260322032153210317031653160312031153110307030653060342033853380335533503320331532903280
0705226010523800435500500436500022334002238534453315327032653260322532203210317531703165312531203115307530703060342033903385335533503325331532903285
0705238010525000436500500437500022386002243634503320327032653260322532203215317531703165312531203115307530703065342033903385336033503325332032903285
0705250010526200437500500438500022437002248734503320327532703265322532203215318031753165313031253115308030703065342033903385336033553325332032953290
0705262010527400438500500439500022488002253834503320327532703265323032253220318031753170313031253120308030753070342533953390336033553330332532953290
0705274010528600439500500440500022539002259034553325328032753270323032253220318031753170313531253120308530753070342533953390336033553330332532953290
0705286010529800440500500441500022591002264134553325328032753270323532303220318531803175313531303125308530803075342533953390336533603330332533003295
0705298010531000441500500442500022642002269234553325328032753270323532303225318531803175313531303125308530803075343033953395336533603335333033003295
0705310010532200442500500443500022693002274434553330328532803275323532303225319031853180314031353130309030853080343034003395336533603335333033003295
0705322010533400443500500444500022745002279534603330328532803275324032353230319031853180314031353130309030853080343034003395337033653335333033053300
0705334010534600444500500445500022796002284634603330328532803275324032353230319031853180314531403135309530903085343534003395337033653340333533053300
0705346010535800445500500446500022847002289734603335329032853280324032353230319531903185314531403135309530903085343534053400337033653340333533053300
0705358010537000446500500447500022898002294934653335329032853280324532403235319531903185315031453135310030953085343534053400337533703340333533103305
0705370010538200447500500448500022950002300034653335329032903285324532403235320031953190315031453140310030953090343534053400337533703345334033103305
0705382010539400448500500449500023001002305134653340329532903285325032453240320031953190315031453140310530953090344034103405337533703345334033153305
0705394010540600449500500450500023052002310334653340329532903285325032453240320531953190315531503145310531003095344034103405338033753345334033153310
0705406010541800450500500451500023104002315434703340330032953290325032453240320532003195315531503145310531003095344034103405338033753350334533153310
0705418010543000451500500452500023155002320534703345330032953290325532503245320532003195316031553150311031053100344534153410338033753350334533203315
0705430010544200452500500453500023206002325634703345330032953290325532503245321032053200316031553150311031053100344534153410338533803350334533203315
0705442010545400453500500454500023257002330834753345330533003295325532503245321032053200316531553150311531103105344534153410338533803355335033203315
0705454010546600454500500455500023309002335934753350330533003295326032553250321032053200316531603155311531103105344534153415338533803355335033253320
0705466010547800455500500456500023360002341034753350330533003295326032553250321532103205316531603155312031153105345034203415339033853355335033253320
0705478010549000456500500457500023411002346234753350331033053300326532603255321532103205317031653160312031153110345034203415339033853360335533253320
0705490010550200457500500458500023463002351334803355331033053300326532603255322032153210317031653160312031153110345034203415339033853360335533303325
0705502010551400458500500459500023514002356434803355331033053300326532603255322032153210317531653160312531203115345534253420339533903360335533303325
0705514010552600459500500460500023565002361534803355331533103305327032653260322032153210317531703165312531203115345534253420339533903365336033303325
0705526010553800460500500461500023616002366734853360331533103305327032653260322532203215317531703165313031253120345534253420339533903365336033353330
0705538010555000461500500462500023668002371834853360331533103305327032653260322532203215318031753170313031253120345534303425339533903365336033353330
0705550010556200462500500463500023719002376934853360332033153310327532703265323032253215318031753170313531303120346034303425340033953370336533353330
0705562010557400463500500464500023770002382134853365332033153310327532703265323032253220318531753170313531303125346034303425340033953370336533403335
0705574010558600464500500465500023822002387234903365332033153310327532703265323032253220318531803175313531303125346034303425340033953370336533403335
0705586010559800465500500466500023873002392334903365332533203315328032753270323532303225318531803175314031353130346534353430340534003375337033403335
0705598010561000466500500467500023924002397434903370332533203315328032753270323532303225319031853180314031353130346534353430340534003375337033453340
0705610010562200467500500468500023975002402634903370332533203315328032803275323532303225319031853180314531403135346534353430340534003375337033453340
0705622010563400468500500469500024027002407734953370333033253320328532803275324032353230319031853180314531403135346534403435341034053375337033453340
0705634010564600469500500470500024078002412834953375333033253320328532803275324032353230319531903185314531403135347034403435341034053380337533503345
0705646010565800470500500471500024129002417934953375333033253320329032853280324032353230319531903185315031453140347034403435341034053380337533503345
0705658010567000471500500472500024180002423134953375333533303325329032853280324532403235320031953190315031453140347034403435341034053380337533503345
0705670010568200472500500473500024232002428235003375333533303325329032853280324532403235320031953190315531503145347034453440341534103385338033553345
0705682010569400473500500474500024283002433335003380333533303330329532903285325032453240320031953190315531503145347534453440341534103385338033553350
0705694010570600474500500475500024334002438535003380334033353330329532903285325032453240320532003195315531503145347534453440341534103385338033553350
0705706010571800475500500476500024386002443635053380334033353330329532903285325032453240320532003195316031553150347534503445342034153390338533553350
0705718010573000476500500477500024437002448735053385334033353330330032953290325532503245321032053195316031553150348034503445342034153390338533603355
0705730010574200477500500478500024488002453835053385334533403335330032953290325532503245321032053200316531603155348034503445342034153390338533603355
0705742010575400478500500479500024539002459035053385334533403335330032953290325532503245321032053200316531603155348034503445342034153390338533603355
0705754010576600479500500480500024591002464135103390334533403335330533003295326032553250321532103205316531603155348034553450342534203395339033653360
0705766010577800480500500481500024642002469235103390335033453340330533003295326032553250321532103205317031653160348534553450342534203395339033653360
0705778010579000481500500482500024693002474435103390335033453340330533003295326032553250321532103205317031653160348534553450342534203395339033653360
0705790010580200482500500483500024745002479535103390335033453340331033053300326532603255322032153210317531703165348534553455343034253400339533703365
0705802019999999483500599999990024796009999935153395335033503345331033053300326532603255322032153210317531703165348534603455343034253400339533703365