0500000000019200015500500016000000000000082100000000000000000000000000000000000000000000000000000000000000000000000000000000000000000000000000000000
0500192010019800016000500016500000822000084600000000000000000000000000000000000000000000000000000000000000000000000000000000000000000000000000000000
0500198010020400016500500017000000847000087200000000000000000000000000000000000000000000000000000000000000000000003500000000000000000000000000000000
0500204010021000017000500017500000873000089700000000000000000000000000000000000000000000000000000000000000000000008000000000000000000000000000000000
0500210010021600017500500018000000898000092300100000000000000000000000000000000000000000000000000000000000000000012500000000000000000000000000000000
0500216010022200018000500018500000924000094900550000000000000000000000000000000000000000000000000000000000000000016500000000000000000000000000000000
0500222010022800018500500019000000950000097401000000000000000000000000000000000000000000000000000000000000000000020500000000000000000000000000000000
0500228010023400019000500019500000975000100001400000000000000000000000000000000000000000000000000000000000000000024500000000000000000000000000000000
0500234010024000019500500020000001001000102601750000000000000000000000000000000000000000000000000000000000000000028000000000000000000000000000000000
0500240010024600020000500020500001027000105102250000000000000000000000000000000000000000000000000000000000000000031500150000000000000000000000000000
0500246010025200020500500021000001052000107702600000000000000000000000000000000000000000000000000000000000000000034500550000000000000000000000000000
0500252010025800021000500021500001078000110302950000000000000000000000000000000000000000000000000000000000000000038000950000000000000000000000000000
0500258010026400021500500022000001104000112803300000000000000000000000000000000000000000000000000000000000000000041001300030000000000000000000000000
0500264010027000022000500022500001129000115403650000000000000000000000000000000000000000000000000000000000000000044001700070000000000000000000000000
0500270010027600022500500023000001155000117903950000000000000000000000000000000000000000000000000000000000000000046502000105000000000000000000000000
0500276010028200023000500023500001180000120504250000000000000000000000000000000000000000000000000000000000000000049502350140000000000000000000000000
0500282010028800023500500024000001206000123104550000000000000000000000000000000000000000000000000000000000000000052002650175000000000000000000000000
0500288010029400024000500024500001232000125604850000000000000000000000000000000000000000000000000000000000000000054503000210003500000000000000000000
0500294010030000024500500025000001257000128205100000000000000000000000000000000000000000000000000000000000000000057003300240007000000000000000000000
0500300010030600025000500025500001283000130805400000000000000000000000000000000000000000000000000000000000000000059503550270010000100000000000000000
0500306010031200025500500026000001309000133305650000000000000000000000000000000000000000000000000000000000000000062003850300013500450000000000000000
0500312010031800026000500026500001334000135905900000000000000000000000000000000000000000000000000000000000000000064504100330016500800000000000000000
0500318010032400026500500027000001360000138506150000000000000000000000000000000000000000000000000000000000000000066504400355020001100000000000000000
0500324010033000027000500027500001386000141006350000000000000000000000000000000000000000000000000000000000000000068504650385022501450000000000000000
0500330010033600027500500028000001411000143606600000000000000000000000000000000000000000000000000000000000000000070504900410025501750015000000000000
0500336010034200028000500028500001437000146206800000000000000000000000000000000000000000000000000000000000000000072505100435028502050045000000000000
0500342010034800028500500029000001463000148707050000000000000000000000000000000000000000000000000000000000000000074505350460031002300080000000000000
0500348010035400029000500029500001488000151307250000000000000000000000000000000000000000000000000000000000000000076505600485034002600110002500000000
0500354010036000029500500030000001514000153807450000000000000000000000000000000000000000000000000000000000000000078505800505036502850135005500000000
0500360010036600030000500030500001539000156407650000000000000000000000000000000000000000000000000000000000000000080506000530039003100165008500000000
0500366010037200030500500031000001565000159007850000000000000000000000000000000000000000000000000000000000000000082006250550041003350195011500000000
0500372010037800031000500031500001591000161508000000000000000000000000000000000000000000000000000000000000000000083506450575043503600220014500000000
0500378010038400031500500032000001616000164108200000000000000000000000000000000000000000000000000000000000000000085506600595046003850245017000300000
0500384010039000032000500032500001642000166708400005000000000000000000000000000000000000000000000000000000000000087506800615048004100270020000550000
0500390010039600032500500033000001668000169208550015000000000000000000000000000000000000000000000000000000000000089507000635050504300295022500850010
0500396010040200033000500033500001693000171808750040000000000000000000000000000000000000000000000000000000000000091007200655052504550320025001100040
0500402010040800033500500034000001719000174408900065000000000000000000000000000000000000000000000000000000000000092507350670054504750345027501400065
0500408010041400034000500034500001745000176909050085000000000000000000000000000000000000000000000000000000000000094507550690056504950365030001650095
0500414010042000034500500035000001770000179509200110000000000000000000000000000000000000000000000000000000000000096007700705058505200390032001900120
0500420010042600035000500035500001796000182109350130000000000000000000000000000000000000000000000000000000000000097507850725060505400410034502150145
0500426010043200035500500036000001822000184609500150000000000000000000000000000000000000000000000000000000000000099008050740062005550435036502400170
0500432010043800036000500036500001847000187209650175000000000000000000000000000000000000000000000000000000000000100008200760064005750455038502600195
0500438010044400036500500037000001873000189709800195000000000000000000000000000000000000000000000000000000000000101508350775066005950475041002850215
0500444010045000037000500037500001898000192309950215000000000000000000000000000000000000000000000000000000000000103008500790067506150495043003050240
0500450010045600037500500038000001924000194910100235000000000000000000000000000000000000000000000000000000000000104508650805069006300515045003300265
0500456010046200038000500038500001950000197410200255000000000000000000000000000000000000000000000000000000000000105508800820071006500530047003500285
0500462010046800038500500039000001975000200010350270000500050005000000000000000000000000000000000000000000000000107009000840072506650550049003700305
0500468010047400039000500039500002001000202610500290000500050005000000000000000000000000000000000000000000000000108009150855074006800570050503900330
0500474010048000039500500040000002027000205110600310001000100010000000000000000000000000000000000000000000000000109509250870075507000585052504100350
0500480010048600040000500040500002052000207710750325001500100010000000000000000000000000000000000000000000000000110509400885077007150605054504300370
0500486010049200040500500041000002078000210310850345003500100010000000000000000000000000000000000000000000000000112009550900078507300620056004500390
0500492010049800041000500041500002104000212811000360006000100010000000000000000000000000000000000000000000000000113009700915080007450635058004650405
0500498010050400041500500042000002129000215411150380008000250010000000000000000000000000000000000000000000000000114009800930081507600650059504850425
0500504010051000042000500042500002155000217911250395010000450010000000000000000000000000000000000000000000000000115009950940083007750670061005050445
0500510010051600042500500043000002180000220511400410012000650015000000000000000000000000000000000000000000000000116010050955084007900685062505200465
0500516010052200043000500043500002206000223111500425013500850035000000000000000000000000000000000000000000000000117510200970085508000700064505350480
0500522010052800043500500044000002232000225611650445015501050055000000000000000000000000000000000000000000000000118510300980087008150715066005550495
0500528010053400044000500044500002257000228211750460017501250075000000000000000000000000000000000000000000000000119510450995088008300730067505700515
0500534010054000044500500045000002283000230811900475019501450095000000000000000000000000000000000000000000000000120510551005089508400740069005850530
0500540010054600045000500045500002309000233312000490021001600115000500050005000000000000000000000000000000000000121510651020091008600755070506000545
0500546010055200045500500046000002334000235912100505023001800130000500050005000000000000000000000000000000000000122510801030092508750770071506150565
0500552010055800046000500046500002360000238512250520024502000150000500050005000000000000000000000000000000000000123510901040093508850785073006300580
0500558010056400046500500047000002386000241012350530026002150170001000100010000000000000000000000000000000000000124011001055095009000795074506450595
0500564010057000047000500047500002411000243612450545028002350185001000100010000000000000000000000000000000000000125011101065096009150810076006600610
0500570010057600047500500048000002437000246212550560029502500205001500100010000000000000000000000000000000000000126011201075097509250820077006750625
0500576010058200048000500048500002463000248712650575031002650220003500100010000000000000000000000000000000000000127011301085098509350835078506900640
0500582010058800048500500049000002488000251312750585032502850235005500100010000000000000000000000000000000000000127511401095099509500845079507050655
0500588010059400049000500049500002514000253812850600034503000255007000250010000000000000000000000000000000000000128511501105101009600860081007150665
0500594010060000049500500050000002539000256412950610036003150270009000450010000000000000000000000000000000000000129511601115102009750870082007300680
0500600010060600050000500050500002565000259013050625037503300285010500600015000000000000000000000000000000000000130511701125103009850880083507450695
0500606010061200050500500051000002591000261513150640039003450305012500800035000000000000000000000000000000000000131511801140104009950895085007550710
0500612010061800051000500051500002616000264113250655040503600320014501000055000500050005000000000000000000000000132511901150105510100910086507700725
0500618010062400051500500052000002642000266713350670042003800335016001150070000500050005000000000000000000000000133512001160106510200925088007850735
0500624010063000052000500052500002668000269213450680043503950350018001350090000500050005000000000000000000000000134512101170107510350935089007950750
0500630010063600052500500053000002693000271813600695045004100365019501550110000500050005000000000000000000000000135512201180109010450950090508100765
0500636010064200053000500053500002719000274413700710046504250385021501700125000500050005000000000000000000000000136012301190110010550960091508250775
0500642010064800053500500054000002745000276913800720048004400400023001850145001000100010000000000000000000000000137012401200111010650975093008350790
0500648010065400054000500054500002770000279513850735049504550415024502050160001000100010000000000000000000000000138012501210112010800985094008500800
0500654010066000054500500055000002796000282113950745050504700425026502200180001000100010000000000000000000000000139012601220113010900995095508600815
0500660010066600055000500055500002822000284614050760052004800440028002350195002500100010000000000000000000000000140012701230114011001010096508700825
0500666010067200055500500056000002847000287214150770053504950455029502550210004500100010000000000000000000000000140512751240115011101020097508850840
0500672010067800056000500056500002873000289714250785055005100470031002700225006000200010000000000000000000000000141512851250116011201030099008950850
0500678010068400056500500057000002898000292314350795056005250485032502850245008000350010000000000000000000000000142512951260117011301040100009050865
0500684010069000057000500057500002924000294914400810057505400500034003000260009500550015000000000000000000000000143513051265118011401050101009150875
0500690010069600057500500058000002950000297414500820059005500515035503150275011000700030000500050005000000000000144013151275119011501065102009300890
0500696010070200058000500058500002975000300014600835060505650530037003300290013000900045000500050005000000000000145013251285120011601075103009450900
0500702010070800058500500059000003001000302614700845061505800540038503450305014501050065000500050005000000000000146013301295121011701085104509550915
0500708010071400059000500059500003027000305114750855063005900555039503600320016001200080000500050005000000000000146513401305121511801095105509650925
0500714010072000059500500060000003052000307714850870064006050570041003750335017501350095000500050005000000000000147513501315122511901105106509750935
0500720010072600060000500060500003078000310314900880065506200580042503850350019501550115000500050005000000000000148513601320123511951115107509900945
0500726010073200060500500061000003104000312815000890066506300595044004000360021001700130001000100010000000000000149013651330124512051125108510000960
0500732010073800061000500061500003129000315415100900068006450605045004150375022501850145001000100010000000000000150013751340125012151135109510100970
0500738010074400061500500062000003155000317915150910069006550620046504300390024002000160001000100010000000000000150513851345126012251140110510200980
0500744010075000062000500062500003180000320515250925070506700630048004400405025502150175002000100010000000000000151513901355127012301150111510300990
0500750010075600062500500063000003206000323115300935071506800645049004550420027002300190004000100010000000000000152514001365128012401160112010401000
0500756010076200063000500063500003232000325615400945072506950660050504700430028002450205005500150010000000000000153014101375128512501170113010501010
0500762010076800063500500064000003257000328215450955074007050670052004800445029502600220007000300010000500050005153514151380129512601180114010601020
0500768010077400064000500064500003283000330815550965075007150685053004950460031002750235008500450010000500050005154514251390130512701185115010701030
0500774010078000064500500065000003309000333315600975076507300695054505100475032502850250010000650025000500050005155014351400131512751195116010801040
0500780010078600065000500065500003334000335915650985077507400710055505200485034003000265011500800040000500050005156014401405132012851205117010901050
0500786010079200065500500066000003360000338515750995078507550720057005350500035003150280013000950055000500050005156514501415133012951215117511001060
0500792010079800066000500066500003386000341015801005079507650730058005450510036503300290014501100070000500050005157514551425133513001220118511051070
0500798010080400066500500067000003411000343615901015081007750745059505600525037503400305016001250085000500050005158014651430134513101230119511151080
0500804010081000067000500067500003437000346215951025082007850755060505700535039003550320017501400100001000100010158514701440135513201235120011251090
0500810010081600067500500068000003463000348716051035083008000765061505850550040503700330019001550115001000100010159514801445136013251245121011351100
0500816010082200068000500068500003488000351316151045084008100775063005950560041503800345020501700130001000100010160014851455137013351255122011451105
0500822010082800068500500069000003514000353816201055085008200790064006050575043003950360022001800145001000100010160514951460137513451260122511501115
0500828010083400069000500069500003539000356416301060086008300800065506200585044004050370023001950160002000100010161515001470138513501270123511601125
0500834010084000069500500070000003565000359016351070087508400810066506300600045504200385024502100175003500100010162015101475139013601280124511701135
0500840010084600070000500070500003591000361516451080088508500820067506450610046504350400026002250190005000100010162515151485140013651285125011751140
0500846010085200070500500071000003616000364116551090089508650830069006550620048004450410027002350200006500250010163015251490141013751295126011851150
0500852010085800071000500071500003642000366716601095090508750840070006650635049004600425028502500215007500400010164015301500141513851300127011951160
0500858010086400071500500072000003668000369216701105091508850850071006800645050504700435030002650230009000550020164515351505142513901310127512001165
0500864010087000072000500072500003693000371816751115092508950860072006900660051504850450031002750245010500700035165015451515143014001320128512101175
0500870010087600072500500073000003719000374416851125093509050875073507000670053004950460032502900255012000850050166015501520144014051325129012151180
0500876010088200073000500073500003745000376916901135094009150885074507100680054005050475033503000270013501000065166515551525144514151335130012251190
0500882010088800073500500074000003770000379517001140095009200890075507250690055005200485035003150280014501150080167015651535145514201340131012301200
0500888010089400074000500074500003796000382117051150096009300900076507350705056005300500036003250295016001250095167515701540146014301350131512401205
0500894010090000074500500075000003822000384617151160097009400910077507450715057505400510037503400305017501400105168515751545146514351355132512451215
0500900010090600075000500075500003847000387217201170098009500920078507550725058505550520038503550320018501550120169015801555147514451360133012551220
0500906010091200075500500076000003873000389717301175099009600930079507650735059505650535040003650335020001650135169515901560148014501370134012651230
0500912010091800076000500076500003898000392317351185100009700940080507750745061005750545041003800345021501800145170015951565149014601380134512701240
0500918010092400076500500077000003924000394917451195100509800950081507850755062005900560042003900360022501950160171016001570149514651385135512801245
0500924010093000077000500077500003950000397417501200101509900960082507950765063006000570043504000370024002050175171516051580150014701395136012851255
0500930010093600077500500078000003975000400017601210102509950970083508100780064006100580044504150385025002200185172016151585151014801400137012951260
0500936010094200078000500078500004001000402617651220103510050980084508200790065506250590046004250395026502300200172516201590151514851405137513001270
0500942010094800078500500079000004027000405117701225104510150990085508250800066506350605047004400405027502450210173016251600152014901415138513101275
0500948010095400079000500079500004052000407717801235105510250995086508350810067506450615048004500420029002550225173516351605153015001420139013151285
0500954010096000079500500080000004078000410317851240106010351005087508450820068506550625049004600430030002700235174516401610153515051430140013201290
0500960010096600080000500080500004104000412817901250107010451015088508550830069506650635050504750440031002800250175016451620154015101435140513301300
0500966010097200080500500081000004129000415418001255108010501025089508650835070506750650051504850455032502950260175516501625154515201440141513351305
0500972010097800081000500081500004155000417918051265109010601035090508750845071506900660052504950465033503050275176016551630155515251450142013451315
0500978010098400081500500082000004180000420518101270109510701045091508850855073007000670053505050475035003150285176516651635156015301455142513501320
0500984010099000082000500082500004206000423118151280110510801050092008950865074007100680055005200490036003300300177016701640156515351465143513601330
0500990010099600082500500083000004232000425618251285111510851060093009050875075007200690056005300500037003400310177516751650157015451470144013651335
0500996010100200083000500083500004257000428218301295112010951070094009100885076007300700057005400510038503550325178016801655157515501475144513701340
0501002010100800083500500084000004283000430818351300113011051075095009200895077007400710058005500525039503650335178516851660158515551480145513801350
0501008010101400084000500084500004309000433318401310114011101085096009300905077507500720059005650535040503750345179016901665159015601490146013851355
0501014010102000084500500085000004334000435918501315114511201095096509400915078507600730060505750545042003900360179517001670159515701495146513951365
0501020010102600085000500085500004360000438518551325115511301105097509500920079507700740061505850555043004000370180017051675160015751500147514001370
0501026010103200085500500086000004386000441018601330116011351110098509600930080507800750062505950565044004100380180517101685161015801505148014051380
0501032010103800086000500086500004411000443618651340117011451120099509700940081507900760063506050580045004200390181017151690161515851515148514151385
0501038010104400086500500087000004437000446218701345118011551125100509750950082507950770064506150590046004350405182017201695162015951520149014201390
0501044010105000087000500087500004463000448718801355118511601135101009850960083508050780065506250600047504450415182517251700162516001525150014251400
0501050010105600087500500088000004488000451318851360119511701145102009950970084508150790066506400610048504550425183017301705163016051530150514351405
0501056010106200088000500088500004514000453818901370120011751150103010050975085508250800067506500620049504650440183517351710164016101540151014401410
0501062010106800088500500089000004539000456418951375121011851160104010100985086008350810068506600630050504800450184017401715164516151545151514451420
0501068010107400089000500089500004565000459019001385121511901165104510200995087008450815069506700640051504900460184517451720165016251550152514551425
0501074010108000089500500090000004591000461519051390122512001175105510301005088008550825070506800650053005000470185017501725165516301555153014601430
0501080010108600090000500090500004616000464119101400123012101185106510401015089008650835071506900660054005100485185517551735166016351560153514651440
0501086010109200090500500091000004642000466719201405124012151190107010451020090008750845072507000670055005200495186017651740166516401570154014701445
0501092010109800091000500091500004668000469219251410125012251200108010551030091008850855073507100680056005350505186517701745167516501575155014801450
0501098010110400091500500092000004693000471819301420125512351210109010651040092008900865074507200690057005450515187017751750168016551580155514851460
0501104010111000092000500092500004719000474419351425126512401215110010751050092509000875075507300700058005550525187517801755168516601590156014901465
0501110010111600092500500093000004745000476919401435127012501225110510801055093509100885076507400710059505650540188017851765169016651595157015001470
0501116010112200093000500093500004770000479519451440128012551235111510901065094509200895077507500720060505750550188517901770169516701600157515051480
0501122010112800093500500094000004796000482119501445128512651240112011001075095509300905078507600730061505850560189017951775170016751605158015101485
0501128010113400094000500094500004822000484619601455129512701250113011051080096509400915079507650740062505950570189518051780170516851610158515151490
0501134010114000094500500095000004847000487219651460130512801255114011151090097009450920080507750750063506050580190018101785171516901620159515201495
0501140010114600095000500095500004873000489719701470131012901265114511201100098009550930081007850760064506150590190518151790172016951625160015301505
0501146010115200095500500096000004898000492319751475132012951270115511301105099009650940082007950770065506300600191018201795172517001630160515351510
0501152010115800096000500096500004924000494919851480132513051280116011401115100009750950083008050780066506400610191518251800173017051635161015401515
0501158010116400096500500097000004950000497419901490133513101290117011451125100509850960084008150790067506500620192518301805173517101640161515451520
0501164010117000097000500097500004975000500019951495134013201295118011551130101509900965085008250800068506600630193018351815174017151650162515551530
0501170010117600097500500098000005001000502620001505135013251305118511651140102510000975086008350810069506650640193518401820174517251655163015601535
0501176010118200098000500098500005027000505120051510135513351310119511701150103010100985087008450820070506750650194018451825175017301660163515651540
0501182010118800098500500099000005052000507720151515136013401315120011801155104010150990087508500825071006850660194518501830175517351665164015701545
0501188010119400099000500099500005078000510320201525137013451325121011851165105010251000088508600835072006950670195018551835176517401670164515801555
0501194010120000099500500100000005104000512820251530137513551330122011951170105510351010089508700845073007050680195518601840177017451675165015851560
0501200010120600100000500100500005129000515420301535138513601340122512051180106510401020090508800855074007150690196018651845177517501680165515901565
0501206010121200100500500101000005155000517920351545139013701345123512101190107510501025091508900865075007250700196518701850178017551685166515951570
0501212010121800101000500101500005180000520520401550139513751355124012201195108010601035092008950875076007350710197018751855178517601690167016001575
0501218010122400101500500102000005206000523120501555140513851360125012251205109010651040093009050880077007450720197518801860179017651695167516051585
0501224010123000102000500102500005232000525620551565141013901370125512351210109510751050094009150890077507500730198018851865179517751705168016151590
0501230010123600102500500103000005257000528220601570142013951375126512401220110510801060094509250900078507600735198518901870180017801710168516201595
0501236010124200103000500103500005283000530820651575142514051385127012501225111510901065095509300910079507700745198518951875180517851715169016251600
0501242010124800103500500104000005309000533320701580143514101390128012551235112011001075096509400915080507800755199019001880181017901720169516301605
0501248010125400104000500104500005334000535920751590144014201400128512651240113011051085097509500925081507900765199519051885181517951725170016351610
0501254010126000104500500105000005360000538520801595144514251405129512701250114011151090098009600935082508000775200019101890182018001730171016401620
0501260010126600105000500105500005386000541020851600145514351410130012801255114511251100099009650940083008100785200519151895182518051735171516451625
0501266010127200105500500106000005411000543620901610146014401420131012851265115511301110099509750950084008150795201019201900183018101740172016501630
0501272010127800106000500106500005437000546220951615146514451425131512951270116011401115100509800960085008250800201519251905183518151745172516551635
0501278010128400106500500107000005463000548721051620147514551435132013001280117011451125101509900970086008350810202019301910184018201750173016651640
0501284010129000107000500107500005488000551321101630148014601440133013101285117511551130102010000975086508450820202519351915184518251755173516701645
0501290010129600107500500108000005514000553821151635149014651445133513151295118511601140103010050985087508500830203019401920185018301765174016751650
0501296010130200108000500108500005539000556421201640149514751455134513251300119011701150104010150990088508600840203519451925185518351770174516801655
0501302010130800108500500109000005565000559021251645150014801460135013301310120011801155104510251000089508700845204019501930186018401775175016851660
0501308010131400109000500109500005591000561521301655151014901470136013401315121011851165105510301010090008800855204519551935186518451780175516901665
0501314010132000109500500110000005616000564121351660151514951475136513451325121511951170106010401015091008850865205019601940187018501785176016951675
0501320010132600110000500110500005642000566721401665152015001480137513501330122012001180107010501025092008950870205519651945187518551790176517001680
0501326010133200110500500111000005668000569221451675152515101490138013601340123012101185108010551035092509050880206019701950188018601795177017051685
0501332010133800111000500111500005693000571821501680153515151495138513651345123512151195108510651040093509100890206519751955188518651800177517101690
0501338010134400111500500112000005719000574421551685154015201500139513751355124512251200109510701050094509200900207019801960189018701805178017151695
0501344010135000112000500112500005745000576921601690155015301510140013801360125012301210110010801060095009300905207519851965189518751810179017201700
0501350010135600112500500113000005770000579521651695155515351515141013851365126012351215111010901065096009350915208019901970190018801815179017301705
0501356010136200113000500113500005796000582121701705156015401520141513951375126512451225112010951075096509450925208519951975190518851820179517351710
0501362010136800113500500114000005822000584621751710156515501530142014001380127512501230112511051080097509550930209020001980191018901825180517401715
0501368010137400114000500114500005847000587221801715157515551535143014101390128012601240113511101090098509600940209520051985191518951830181017451720
0501374010138000114500500115000005873000589721851720158015601540143514151395129012651245114011201100099009700945210020101990192019001835181517501725
0501380010138600115000500115500005898000592321901730158515701550144014201400129512751255115011251105100009800955210020151995192519051840182017551730
0501386010139200115500500116000005924000594921951735159515751555145014301410130012801260115511351115101009850965210520202000193019101845182517601735
0501392010139800116000500116500005950000597422001740160015801560145514351415131012901270116511401120101509950970211020252005193519151850183017651745
0501398010140400116500500117000005975000600022001745160515851570146014401420131512951275117011501130102510000980211520302010194019201855183517701750
0501404010141000117000500117500006001000602622051755161015951575147014501430132513051285118011551135103010100990212020352015194519251860184017751755
0501410010141600117500500118000006027000605122101760162016001580147514551435133013101290118511651145104010200995212520402020195019301865184517801760
0501416010142200118000500118500006052000607722151765162516051585148014601445134013201295119011701150104510251005213020402025195519351870185017851765
0501422010142800118500500119000006078000610322201770163016151595149014701450134513251305120011801160105510351015213520452030196019401875185517901770
0501428010143400119000500119500006104000612822251775163516201600149514751455135013301310120511851165106510401020214020502035196519451880186017951775
0501434010144000119500500120000006129000615422301785164516251605150014851465136013401320121511951175107010501030214520552040197019501885186518001780
0501440010144600120000500120500006155000617922351790165016301615151014901470136513451325122012001180108010551035215020602045197519551890187018051785
0501446010145200120500500121000006180000620522401795165516401620151514951475137013501330123012101190108510651045215520652050198019601895187518101790
0501452010145800121000500121500006206000623122451800166016451625152015001485138013601340123512151195109510701050216020702055198519651900188018151795
0501458010146400121500500122000006232000625622501810167016501635153015101490138513651345124512251205110010801060216520752060199019701905188518201800
0501464010147000122000500122500006257000628222551815167516551640153515151495139013751355125012301210111010851065217020802065199519751910189018251805
0501470010147600122500500123000006283000630822601820168016651645154015201505140013801360125512351215111510951075217520852065200019801910189518301810
0501476010148200123000500123500006309000633322651825169016701650154515301510140513851365126512451225112511001080218020902070200519851915190018351815
0501482010148800123500500124000006334000635922701830169516751660155515351515141013951375127012501230113011101090218020952075200519901920190518401820
0501488010149400124000500124500006360000638522751840170016801665156015401525142014001380128012601240113511151095219021002080201019951925191018451825
0501494010150000124500500125000006386000641022801845170516901670156515501530142514051390128512651245114511251105219021052085201520001930191518501830
0501500010150600125000500125500006411000643622851850171016951675157015551535143514151395129012751255115011301110219521102090202020051935192018551835
0501506010151200125500500126000006437000646222901855172017001685158015601545144014201400130012801260116011401120220021152095202520101940192518601840
0501512010151800126000500126500006463000648722951865172517051690158515651550144514251410130512851265116511451125220521202100203020151945192518651845
0501518010152400126500500127000006488000651323001870173017151695159015751555145514351415131512951275117511551135221021252105203520201950193018651850
0501524010153000127000500127500006514000653823051875173517201705160015801560146014401420132013001280118011601140221521302110204020251955193518701855
0501530010153600127500500128000006539000656423101880174517251710160515851570146514451430132513051290119011701150222021302115204520251960194018751855
0501536010154200128000500128500006565000659023151890175017301715161015951575147014551435133513151295119511751155222521352120205020301965194518801860
0501542010154800128500500129000006591000661523201895175517401720161516001580148014601440134013201300120011851165223021402125205520351970195018851865
0501548010155400129000500129500006616000664123201900176017451725162516051585148514651450134513301310121011901170223521452130206020401975195518901870
0501554010156000129500500130000006642000666723251905177017501735163016101595149014751455135513351315121511951175224521502135206520451980196018951875
0501560010156600130000500130500006668000669223301915177517551740163516201600150014801460136013401320122512051185225021552140207020501985196519001880
0501566010157200130500500131000006693000671823351920178017651745164016251605150514851465136513501330123012101190225521602145207520551990197019051885
0501572010157800131000500131500006719000674423401925178517701755165016301615151014951475137513551335123512201200226021652150208020601995197519101890
0501578010158400131500500132000006745000676923451935179017751760165516351620151515001480138013601345124512251205226521702155208520652000198019151895
0501584010159000132000500132500006770000679523501940180017801765166016451625152515051485138513701350125012301210227021752160208520702000198519201900
0501590010159600132500500133000006796000682123551945180517901770166516501630153015101495139513751355126012401220227521802165209020752005199019251905
0501596010160200133000500133500006822000684623601955181017951780167516551640153515201500140013801365126512451225228021852170209520802010199519301910
0501602010160800133500500134000006847000687223651960182018001785168016601645154515251505140513901370127012501235228521902175210020852015200019351915
0501608010161400134000500134500006873000689723651965182518051790168516701650155015301515141513951375128012601240229021952180210520902020200519401920
0501614010162000134500500135000006898000692323701975183018151795169016751655155515351520142014001385128512651245229522002185211020952025201019451925
0501620010162600135000500135500006924000694923751980183518201805170016801665156015451525142514101390129012751255230022052190211521002030201519451930
0501626010163200135500500136000006950000697423801985184518251810170516851670157015501530143014151395130012801260230522102195212021052035201519501935
0501632010163800136000500136500006975000700023851990185018351815171016951675157515551540144014201400130512851270231022152200212521102040202019551940
0501638010164400136500500137000007001000702623902000185518401825171517001685158015651545144514251410131012951275232022202205213021152045202519601945
0501644010165000137000500137500007027000705123952005186518451830172517051690158515701550145014351415132013001280232022252210213521202050203019651950
0501650010165600137500500138000007052000707723952010187018551840173017101695159515751560146014401420132513051290232522302215214021202055203519701950
0501656010166200138000500138500007078000710324002015187518601845173517201700160015801565146514451430133013151295233522402220214521302060204019751960
0501662010166800138500500139000007104000712824052020188518651850174017251710160515901570147014551435134013201300233522452225215021302065204519801960
0501668010167400139000500139500007129000715424102030189018751860175017301715161015951575148014601440134513251310234522502235215521402070205019851965
0501674010168000139500500140000007155000717924152035189518801865175517401720162016001585148514651450135013351315235022552240216021452070205519901970
0501680010168600140000500140500007180000720524152040190518851870176017451725162516051590149014751455135513401320235022602245216521452075206019951975
0501686010169200140500500141000007206000723124202045191018951880176517501735163016151595149514801460136513451330236022652250217021552080206520001980
0501692010169800141000500141500007232000725624252050191519001885177517551740163516201600150514851470137013501335236022702255217521602085207020051985
0501698010170400141500500142000007257000728224302060192019051890178017651745164016251610151014901475137513601340236522752260218021652090207520051990
0501704010171000142000500142500007283000730824352065193019151900178517701755165016301615151515001480138513651350237022802265218521702095208020101995
0501710010171600142500500143000007309000733324352070193519201905179517801760165516401620152015051485139013701355237522852270219021752100208520152000
0501716010172200143000500143500007334000735924402075194019251910180017851770166016451630153015101495139513801360238022902275219521802105209020202005
0501722010172800143500500144000007360000738524452080194519301915180517901775167016501635153515151500140513851370238522952280220021852110209520252010
0501728010173400144000500144500007386000741024502085195519401920181518001780167516551640154015251505141013901375239023002285220521902115210020302015
0501734010174000144500500145000007411000743624552095196019451930182018051790168016651645154515301515141514001380239523052290221021952120210520352020
0501740010174600145000500145500007437000746224552100196519501935182518101795168516701655155515351520142014051385240023102295221522002125211020402025
0501746010175200145500500146000007463000748724602105197019551940183518151800169516751660156015401525143014101395240523152300222022052130211520452025
0501752010175800146000500146500007488000751324652110197519651945184018251810170016851665156515501530143514151400241023202305223022102135212020502030
0501758010176400146500500147000007514000753824702115198519701955184518301815170516901675157015551540144014251405241523252310223522152140212520552035
0501764010177000147000500147500007539000756424702120199019751960185018351820171016951680158015601545144514301415242023302315224022202145213020602040
0501770010177600147500500148000007565000759024752125199519801965186018451830172017051685158515701550145514351420242523352320224522302150213520652045
0501776010178200148000500148500007591000761524802130200019851970186518501835172517101695159015751555146014401425242523402325225022302155214020702050
0501782010178800148500500149000007616000764124852135200519901980187018551840173517151700159515801565146514501430243023452330225522402160214520752055
0501788010179400149000500149500007642000766724852140201520001985188018651845174017251710160515851570147014551440243523502335226022452165215020752060
0501794010180000149500500150000007668000769224902145202020051990188518701855174517301715161015951575148014601445244023552340226522502170215520802065
0501800010180600150000500150500007693000771824952155202520101995189018751860175517351720161516001585148514701450244523602345227022552175216020852070
0501806010181200150500500151000007719000774424952160203020152000189518801865176017451730162016051590149014751460245023602350227522602180216520902075
0501812010181800151000500151500007745000776925002165203520202005190018851870176517501735163016101595149514801465245523652350228022602185217020952080
0501818010182400151500500152000007770000779525052170204020252010191018951880177517551740163516201600150514851470246023702355228522702190217521002085
0501824010183000152000500152500007796000782125102175204520302020191519001885178017651745164016251610151014951475246023752360229022702195218021052090
0501830010183600152500500153000007822000784625102180205020402025192019051890178517701755164516301615151515001485246523802365229022752200218521102095
0501836010184200153000500153500007847000787225152185206020452030192519101895179017751760165516401620152015051490247023852370229522802210219021152100
0501842010184800153500500154000007873000789725202190206520502035193019151900180017801765166016451630153015101495247523902375230022852210219521202105
0501848010185400154000500154500007898000792325252195207020552040194019251910180517901775167016501635153515201500248023952380230522902220220021252110
0501854010186000154500500155000007924000794925252200207520602045194519301915181017951780167516601645154015251510248524002385231022952225220521302115
0501860010186600155000500155500007950000797425302205208020652050195019351920181518001785168016651650154515301515248524052390231523002225221021352120
0501866010187200155500500156000007975000800025352210208520702055195519401925182518101795169016701655155515401520249024052395232023052235221521452125
0501872010187800156000500156500008001000802625402215209020752060196019451930183018151800169516801665156015451525249524102395232523102235222021502130
0501878010188400156500500157000008027000805125402220209520802065196519501940183518201805170016851670156515501535250024152400233023152240222521552135
0501884010189000157000500157500008052000807725452225210020852075197519601945184018251810171016901675157515551540250524202405233523202245223021602145
0501890010189600157500500158000008078000810325502230210520902080198019651950185018301815171517001685158015651545250524252410234023252250223521652150
0501896010190200158000500158500008104000812825552235211021002085198519701955185518401825172017051690158515701555251024302415234523302255224021702155
0501902010190800158500500159000008129000815425602240211521052090199019751960186018451830172517101695159015751560251524352420235023352260224521752160
0501908010191400159000500159500008155000817925602245212021102095199519801965186518501835173517201700160015851565252024352425235023402265225021802165
0501914010192000159500500160000008180000820525652250212521152100200019851970187018551840174017251710160515901575252524402430235523452270225521852170
0501920010192600160000500160500008206000823125702255213021202105200519901980188018651850174517301715161015951580252524452430236023452275226021902175
0501926010193200160500500161000008232000825625752255213521252110201020001985188518701855175017351720162016051585253024502435236523502280226521952180
0501932010193800161000500161500008257000828225802260214021302115202020051990189018751860176017451730162516101595253524552440237023552285227022002185
0501938010194400161500500162000008283000830825802265214521352120202520101995189518801865176517501735163016151600254024602445237523602290227522052190
0501944010195000162000500162500008309000833325852270215021402125203020152000190018851870177017551740164016251605254024602450238023652295228022102195
0501950010195600162500500163000008334000835925902275215521452130203520202005190518901875177517601745164516301615254524652455238523702300228522152200
0501956010196200163000500163500008360000838525902280216021502135204020252010191019001885178517701755165016351620255024702455238523752305229022202205
0501962010196800163500500164000008386000841025952285216521552140204520302015192019051890179017751760166016451630255524752460239023802310229522252210
0501968010197400164000500164500008411000843626002290217021602145205020352020192519101895179517801765166516501635256024802465239523802310230022252210
0501974010198000164500500165000008437000846226052295217521652150205520402025193019151900180017851770167016551640256024802470240023852315230022302215
0501980010198600165000500165500008463000848726052300218021702155206020452030193519201905181017951780168016601645256524852475240523902320230522352220
0501986010199200165500500166000008488000851326102305218521752160206520502035194019251910181518001785168516701655257024902475241023952325231022402225
0501992010199800166000500166500008514000853826152310219021802165207020552040194519301915182018051790169016751660257024952480241524002330231522452230
0501998010200400166500500167000008539000856426202315219521852170207520602050195019351925182518101795169516801665257525002485241524052335232022502235
0502004010201000167000500167500008565000859026202315220021902175208020652055195519451930183018151800170516851670258025002490242024052340232522552240
0502010010201600167500500168000008591000861526252320220521952180208520702060196519501935183518201810171016951680258525052495242524102345233022602245
0502016010202200168000500168500008616000864126302325221022002185209020752065197019551940184518301815171517001685258525102495243024152350233522652250
0502022010202800168500500169000008642000866726302330221522002190209520802070197519601945185018351820172017051690259025152500243524202350234022702255
0502028010203400169000500169500008668000869226352335222022052195210020902075198019651950185518401825172517151700259525152505244024252355234022752260
0502034010204000169500500170000008693000871826402340222522102200210520902080198519701955186018451830173517201705260025202510244024302360234522802265
0502040010204600170000500170500008719000874426452345223022152205211020952085199019751960186518501835174017251710260025252510244524302365235022802270
0502046010205200170500500171000008745000876926452345223522202210211521002090199519801965187018551840174517301715260525302515245024352370235522852275
0502052010205800171000500171500008770000879526502350224022252215212021052095200019851970187518601850175017351720261025302520245524402375236022902275
0502058010206400171500500172000008796000882126552355224022302215212521102100200519901975188018701855175517401730261025352525245524452375236522952280
0502064010207000172000500172500008822000884626552360224522352220213021152105201019951985189018751860176517501735261525402525246024502380237023002285
0502070010207600172500500173000008847000887226602365225022402225213521202110201520001990189518801865177017551740262025452530246524502385237023052290
0502076010208200173000500173500008873000889726652370225522452230214021252115202020051995190018851870177517601745262525452535247024552390237523102295
0502082010208800173500500174000008898000892326652370226022502235214521302120202520102000190518901875178017651750262525502540247524602395238023152300
0502088010209400174000500174500008924000894926702375226522502240215021352125203020152005191018951880178517701755263025552540247524652400238523152305
0502094010210000174500500175000008950000897426752380227022552245215521402130203520202010191519001885179017801765263525602545248024652400239023202310
0502100010210600175000500175500008975000900026752385227522602250216021452135204020252015192019051890180017851770263525602550248524702405239023252310
0502106010211200175500500176000009001000902626802390228022652255216521502135204520302020192519101900180517901775264025652550249024752410239523302315
0502112010211800176000500176500009027000905126852395228522702260217021552140205020402025193019151905181017951780264525702555249024802415240023352320
0502118010212400176500500177000009052000907726852395228522752260217521602145205520402030193519201910181518001785264525702560249524802420240523402325
0502124010213000177000500177500009078000910326902400229022802265217521652150206020452035194019301915182018051790265025752565250024852420241023452330
0502130010213600177500500178000009104000912826952405229522852270218021702155206520502040194519351920182518101800265525802565250524902425241023452335
0502136010214200178000500178500009129000915426952410230022852275218521752160207020552045195019401925183018151805265525802570250524952430241523502335
0502142010214800178500500179000009155000917927002415230522902280219021802165207520602050196019451930184018251810266025852575251025002435242023552340
0502148010215400179000500179500009180000920527002415231022952285219521852170208020652055196519501935184518301815266025902575251525002435242523602345
0502154010216000179500500180000009206000923127052420231023002290220021852175208520702060197019551940185018351820266525952580251525052440243023652350
0502160010216600180000500180500009232000925627102425231523052290220521902180209020752065197519601945185518401825267025952585252025102445243023702355
0502166010217200180500500181000009257000928227102430232023102295221021952185209520802070198019651950186018451830267026002585252525102450243523702360
0502172010217800181000500181500009283000930827152430232523152300221522002190210020852075198519701955186518501835267526052590253025152450244023752360
0502178010218400181500500182000009309000933327202435233023152305222022052195210520902080199019751960187018551840268026052595253025202455244523802365
0502184010219000182000500182500009334000935927202440233523202310222522102195211020952085199519801965187518601845268026102600253525252460244523852370
0502190010219600182500500183000009360000938527252445234023252315222522152200211521002090200019851970188018651855268526152600254025252465245023902375
0502196010220200183000500183500009386000941027252445234023302315223022202205212021052090200519901975188518701860269026152605254525302470245523902380
0502202010220800183500500184000009411000943627302450234523352320223522252210212521102095201019951980189018751865269026202610254525352470246023952380
0502208010221400184000500184500009437000946227352455235023402325224022302215213021152100201520001985189518851870269526252610255025352475246024002385
0502214010222000184500500185000009463000948727352460235523402330224522302220213021202105202020051990190018901875269526252615255525402480246524052390
0502220010222600185000500185500009488000951327402460235523452335225022352225213521252110202520101995190518951880270026302615255525452480247024052395
0502226010223200185500500186000009514000953827452465236023502340225522402230214021302115203020152000191019001885270526352620256025502485247524102400
0502232010223800186000500186500009539000956427452470236523552340225522452230214521352120203020202005191519051890270526352625256525502490247524152400
0502238010224400186500500187000009565000959027502475237023552345226022502235215021352125203520252010192019101895271026402625256525552495248024202405
0502244010225000187000500187500009591000961527502475237523602350226522552240215521402130204020302015192519151900271526402630257025602495248524202410
0502250010225600187500500188000009616000964127552480237523652355227022552245216021452135204520352020193019201905271526452635257525602500249024252415
0502256010226200188000500188500009642000966727602485238023702360227522602250216521502140205020402025194019251910272026502635257525652505249024302415
0502262010226800188500500189000009668000969227602490238523752360228022652255217021552145205520452030194019301915272026502640258025702510249524352420
0502268010227400189000500189500009693000971827652490239023752365228022702260217021602145206020502035194519351920272526552645258525702510250024352425
0502274010228000189500500190000009719000974427652495239523802370228522752260217521652150206520552040195519401925273026602645258525752515250024402430
0502280010228600190000500190500009745000976927702500239523852375229022802265218021702155207020552045195519451930273026602650259025802520250524452430
0502286010229200190500500191000009770000979527702500240023902375229522802270218521752160207520602050196019501935273526652655259525802520251024502435
0502292010229800191000500191500009796000982127752505240523952380230022852275219021802165208020652055196519551940273526702655259525852525251524502440
0502298010230400191500500192000009822000984627802510240523952385230022902280219521802170208520702060197019601945274026702660260025902530251524552445
0502304010231000192000500192500009847000987227802510241024002390230522952280220021852175209020752065197519651950274026752660260525902530252024602445
0502310010231600192500500193000009873000989727852515241524052390231023002285220521902180209520802070198019701955274526752665260525952535252524652450
0502316010232200193000500193500009898000992327852520242024052395231523002290220521952180210020852070198519751960275026802670261026002540252524652455
0502322010232800193500500194000009924000994927902525242524102400232023052295221022002185210520902075199019801965275026852670261526002540253024702455
0502328010233400194000500194500009950000997427902525242524152405232023102300221522052190210520952080199519851970275526852675261526052545253524752460
0502334010234000194500500195000009975001000027952530243024202405232523152300222022052195211021002085200019901975275526902675262026052550253524752465
0502340010234600195000500195500010001001002627952535243524202410233023202305222522102200211521052090200519951980276026902680262526102550254024802470
0502346010235200195500500196000010027001005128002535243524252415233523202310223022152205212021102095201019951985276026952685262526152555254524852470
0502352010235800196000500196500010052001007728002540244024302420234023252315223022202210212521102100201520001990276526952685263026152560254524852475
0502358010237000196500500197500010078001012828052545244524352425234523302320224022252215213021202105202020101995277027002690263526202565255024902480
0502370010238200197500500198500010129001017928102550245524402430235023402330224522352220214021252115203020202005277527102695264026302570256025002485
0502382010239400198500500199500010180001023128202560246024502440236023452335225522452230215021352125204020302015278027152705264526352575256525052495
0502394010240600199500500200500010232001028228252565246524552445236523552345226522502240215521452130205020352025278527202710265026402585257025152500
0502406010241800200500500201500010283001033328302570247524652450237523602350227022602245216521552140206020452035279027252715266026452590257525202510
0502418010243000201500500202500010334001038528352575248024702460238023702360228022652255217521602150206520552040279527302720266526552595258525252515
0502430010244200202500500203500010386001043628402585249024752465239023752365228522752265218021702160207520652050280027352725267026602600259025352520
0502442010245400203500500204500010437001048728452590249524852475239523852375229522852270219021802165208520752060280527402730267526652610259525402530
0502454010246600204500500205500010488001053828502595250024902480240523902380230022902280220021852175209520802070281027452735268026702615260525452535
0502466010247800205500500206500010539001059028552600251024952485241024002390231023002285220521952185210020902080281527552740269026752620261025552540
0502478010249000206500500207500010591001064128602610251525052495241524052395231523052295221522052190211021002085282027602750269526802625261525602545
0502490010250200207500500208500010642001069228652615252025102500242524152400232523152300222522102200212021052095282527652755270026902635262025652555
0502502010251400208500500209500010693001074428702620252525152505243024202410233023202310223022202205213021152105283027702760270526952640262525702560
0502514010252600209500500210500010745001079528752625253525252515244024252415234023302315224022252215213521252110283527752765271027002645263525802565
0502526010253800210500500211500010796001084628802635254025302520244524352425234523352325224522352225214521302120284027802770271527052650264025852575
0502538010255000211500500212500010847001089728852640254525352525245024402430235523402330225522402230215021402130284527852775272027102655264525902580
0502550010256200212500500213500010898001094928902645255525452530246024452435236023502340226022502240216021502135285027902780272527152660265025952585
0502562010257400213500500214500010950001100028952650256025502540246524552445237023552345227022602245217021552145285527952785273027202670265526052590
0502574010258600214500500215500011001001105129002655256525552545247024602450237523652355227522652255217521652155286028002790274027252675266526102595
0502586010259800215500500216500011052001110329002660257025602550248024652455238023702360228522702260218521752160286528052795274527302680267026152605
0502598010261000216500500217500011104001115429052665258025702555248524752465239023802365229022802270219021802170287028102800275027402685267526202610
0502610010262200217500500218500011155001120529102675258525752565249024802470239523852375230022902275220021902175287528152805275527452690268026252615
0502622010263400218500500219500011206001125629152680259025802570250024852475240523902380230522952285221021952185288028202810276027502695268526302620
0502634010264600219500500220500011257001130829202685259525852575250524952485241024002390231523002290221522052190288528252815276527552700269026402625
0502646010265800220500500221500011309001135929252690260025902580251025002490241524052395232023102300222522102200289028302820277027602705269526452630
0502658010267000221500500222500011360001141029302695261026002590251525052495242524102400233023152305223022202210289528352825277527652710270026502640
0502670010268200222500500223500011411001146229352700261526052595252525152500243024202410233523252315224022252215290028402830278027702720270526552645
0502682010269400223500500224500011463001151329402705262026102600253025202510243524252415234023302320224522352225290528452835278527752725271026602650
0502694010270600224500500225500011514001156429452710262526152605253525252515244524302420235023402325225522402230291028502840279027802730272026652655
0502706010271800225500500226500011565001161529502715263026202610254025302520245024402430235523452335226022502240291028552845279527852735272526702660
0502718010273000226500500227500011616001166729502720263526252615254525352525245524452435236023502340226522552245291528602850280027902740273026752665
0502730010274200227500500228500011668001171829552725264026302620255525452535246024502440237023602345227522652250292028652855280527952745273526802670
0502742010275400228500500229500011719001176929602730264526402630256025502540247024602445237523652355228022702260292528702860281028002750274026902675
0502754010276600229500500230500011770001182129652735265526452635256525552545247524652455238523702360229022802265293028752865281528052755274526952685
0502766010277800230500500231500011822001187229702740266026502640257025602550248024702460239023802370229522852275293528752870282028102760275027002690
0502778010279000231500500232500011873001192329752745266526552645257525652555248524752465239523852375230522902280294028802870282528152765275527052695
0502790010280200232500500233500011924001197429802755267026602650258025702560249524852475240023902380231023002290294528852875283028202770276027102700
0502802010281400233500500234500011975001202629802760267526652655259025802570250024902480241024002390231523052295294528902880283528252775276527152705
0502814010282600234500500235500012027001207729852760268026702660259525852575250524952485241524052395232523152300295028952885283528302780277027202710
0502826010283800235500500236500012078001212829902765268526752665260025902580251025002490242024102400233023202310295529002890284028302785277527252715
0502838010285000236500500237500012129001217929952770269026802670260525952585251525052495243024202405233523252315296029052895284528352790278027302720
0502850010286200237500500238500012180001223130002775269526852675261026002590252525152505243524252415234523352325296529102900285028402795278527352725
0502862010287400238500500239500012232001228230002780270026902680261526052595253025202510244024302420235023402330296529102905285528452800279027402730
0502874010288600239500500240500012283001233330052785270526952685262026102600253525252515244524352425235523452335297029152905286028502805279527452735
0502886010289800240500500241500012334001238530102790271027002695262526152610254025302520245524452430236523552340297529202910286528552810280027502740
0502898010291000241500500242500012386001243630152795271527052700263026252615254525352525246024502440237023602350298029252915287028602810280027552745
0502910010292200242500500243500012437001248730152800272027102705263526302620255025402530246524552445237523652355298529302920287528652815280527602750
0502922010293400243500500244500012488001253830202805272527152710264526352625256025502540247024602450238523702360298529352925288028702820281027652755
0502934010294600244500500245500012539001259030252810273027202715265026402630256525552545247524652455239023802370299029402930288028752825281527702760
0502946010295800245500500246500012591001264130302815273527252720265526452635257025602550248524752465239523852375299529402930288528752830282027752765
0502958010297000246500500247500012642001269230352820274027302725266026502640257525652555249024802470240023902380300029452935289028802835282527802770
0502970010298200247500500248500012693001274430352825274527352730266526552645258025702560249524852475241024002385300529502940289528852840283027852775
0502982010299400248500500249500012745001279530402830275027402735267026602650258525752565250024902480241524052395300529552945290028902845283527902780
0502994010300600249500500250500012796001284630452835275527452735267526652655259025802570250524952485242024102400301029552950290528952850284027902780
0503006010301800250500500251500012847001289730502835276027502740268026702660259525852575251025002490242524152405301529602955291029002855284527952785
0503018010303000251500500252500012898001294930502840276527552745268526752665260025902585252025102500243024202410302029652955291029052855285028002790
0503030010304200252500500253500012950001300030552845277027602750269026802670260526002590252525152505244024302420302029702960291529052860285028052795
0503042010305400253500500254500013001001305130602850277527652755269526852675261026052595253025202510244524352425302529752965292029102865285528102800
0503054010306600254500500255500013052001310330602855278027702760270026902680262026102600253525252515245024402430303029752970292529152870286028152805
0503066010307800255500500256500013104001315430652860278527752765270526952685262526152605254025302520245524452435303029802970293029202875286528202810
0503078010309000256500500257500013155001320530702865279027802770271027002690263026202610254525352525246024502440303529852975293029252880287028252815
0503090010310200257500500258500013206001325630752865279027852775271527052695263526252615255025402530246524552450304029902980293529252880287528302820
0503102010311400258500500259500013257001330830752870279527902780272027102700264026302620255525452535247524652455304529902985294029302885287528352825
0503114010312600259500500260500013309001335930802875280027952785272527152705264526352625256025502545248024702460304529952990294529352890288028352830
0503126010313800260500500261500013360001341030852880280527952790273027202710265026402630256525552550248524752465305030002990295029402895288528402830
0503138010315000261500500262500013411001346230852885281028002795273527252715265526452635257025652555249024802470305530052995295029452900289028452835
0503150010316200262500500263500013463001351330902890281528052800273527302720266026502640258025702560249524852475305530053000295529452905289528502840
0503162010317400263500500264500013514001356430952895282028102800274027352725266526552645258525752565250024902480306030103005296029502905290028552845
0503174010318600264500500265500013565001361530952895282528152805274527402730267026602650259025802570250524952485306530153005296529552910290028602850
0503186010319800265500500266500013616001366731002900282528202810275027402735267526652655259525852575251025052495306530203010296529602915290528602855
0503198010321000266500500267500013668001371831052905283028252815275527452740268026702660260025902580252025102500307030203015297029602920291028652855
0503210010322200267500500268500013719001376931052910283528302820276027502745268526752665260525952585252525152505307530253015297529652925291528702860
0503222010323400268500500269500013770001382131102910284028302825276527552745268526802670261026002590253025202510307530303020298029702925292028752865
0503234010324600269500500270500013822001387231152915284528352830277027602750269026852675261526052595253525252515308030303025298029752930292028802870
0503246010325800270500500271500013873001392331152920285028402830277527652755269526902680262026102600254025302520308530353030298529752935292528852875
0503258010327000271500500272500013924001397431202925285528452835278027702760270026952685262526152605254525352525309030403030299029802940293028852880
0503270010328200272500500273500013975001402631252930285528502840278027752765270526952690263026202610255025402530309030403035299529852940293528902880
0503282010329400273500500274500014027001407731252930286028552845278527802770271027002695263526252615255525452535309530453040299529902945293528952885
0503294010330600274500500275500014078001412831302935286528552850279027852775271527052700264026302620256025502540309530503040300029902950294029002890
0503306010331800275500500276500014129001417931302940287028602855279527852780272027102700264526352625256525552545310030503045300529952955294529052895
0503318010333000276500500277500014180001423131352945287528652855280027902785272527152705265026402630257025602550310530553050300530002955295029052900
0503330010334200277500500278500014232001428231402945287528702860280527952785273027202710265526452635257525652555310530603050301030002960295029102900
0503342010335400278500500279500014283001433331402950288028752865281028002790273527252715266026502640258025702560311030653055301530052965295529152905
0503354010336600279500500280500014334001438531452955288528752870281028052795274027302720266026552645258525752565311530653060301530102970296029202910
0503366010337800280500500281500014386001443631502960289028802875281528102800274027352725266526602650259025802570311530703060302030152970296529202915
0503378010339000281500500282500014437001448731502960289528852875282028152805274527402730267026652655259525852575312030753065302530152975296529252915
0503390010340200282500500283500014488001453831552965289528902880282528152810275027452735267526702660260025902580312030753070303030202980297029302920
0503402010341400283500500284500014539001459031552970290028902885283028202815275527452740268026702665260525952585312530803070303030252980297529352925
0503414010342600284500500285500014591001464131602970290528952890283528252815276027502745268526752670261026002590313030803075303530252985298029352930
0503426010343800285500500286500014642001469231652975291029002895283528302820276527552750269026802675261526052595313030853080304030302990298029402930
0503438010345000286500500287500014693001474431652980291029052895284028352825277027602750269526852680262026102600313530903080304030352995298529452935
0503450010346200287500500288500014745001479531702985291529102900284528352830277527652755270026902680262526152605313530903085304530352995299029502940
0503462010347400288500500289500014796001484631702985292029102905285028402835277527702760270526952685263026202610314030953085305030403000299029502945
0503474010348600289500500290500014847001489731752990292529152910285528452835278027752765271027002690263526252615314531003090305030453005299529552945
0503486010349800290500500291500014898001494931802995292529202910285528502840278527752770271027052695264026302620314531003095305530453005300029602950
0503498010351000291500500292500014950001500031802995293029252915286028552845279027802775271527102700264526352625315031053095306030503010300029602955
0503510010352200292500500293500015001001505131853000293529252920286528552850279527852775272027152705264526402630315031053100306030553015300529652955
0503522010353400293500500294500015052001510331853005294029302925287028602855280027902780272527152710265026452635315531103105306530553015301029702960
0503534010354600294500500295500015104001515431903005294029352925287028652855280027952785273027202715265526502640316031153105306530603020301029752965
0503546010355800295500500296500015155001520531903010294529352930287528702860280528002790273527252715266026552645316031153110307030653025301529752970
0503558010357000296500500297500015206001525631953015295029402935288028702865281028002795274027302720266526552650316531203110307530653025302029802970
0503570010358200297500500298500015257001530832003015295029452935288528752870281528052800274527352725267026602655316531203115307530703030302029852975
0503582010359400298500500299500015309001535932003020295529502940288528802870282028102800274527402730267526652660317031253120308030703035302529852980
0503594010360600299500500300500015360001541032053025296029502945289028852875282028152805275027452735268026702660317031303120308530753035303029902980
0503606010361800300500500301500015411001546232053025296029552950289528852880282528202810275527452740268526752665317531303125308530803040303029952985
0503618010363000301500500302500015463001551332103030296529602950290028902885283028202815276027502745269026802670318031353125309030803045303529952990
0503630010364200302500500303500015514001556432103035297029602955290028952885283528252820276527552745269026852675318031353130309030853045304030002990
0503642010365400303500500304500015565001561532153035297529652960290529002890283528302820276527602750269526902680318531403130309530853050304030052995
0503654010366600304500500305500015616001566732153040297529702960291029002895284028352825277027652755270026952685318531453135310030903055304530053000
0503666010367800305500500306500015668001571832203045298029702965291529052900284528352830277527652760270526952690319031453140310030953055305030103000
0503678010369000306500500307500015719001576932203045298529752970291529102900285028402835278027702765271027002695319031503140310530953060305030153005
0503690010370200307500500308500015770001582132253050298529802970292029152905285528452835278527752770271527052695319531503145310531003060305530153010
0503702010371400308500500309500015822001587232253055299029802975292529152910285528502840279027802770272027102700319531553145311031053065306030203010
0503714010372600309500500310500015873001592332303055299529852980292529202910286028502845279027852775272027152705320031553150311531053070306030253015
0503726010373800310500500311500015924001597432303060299529902980293029252915286528552850279527902780272527202710320031603150311531103070306530253020
0503738010375000311500500312500015975001602632353060300029902985293529252920287028602850280027902785273027202715320531603155312031103075306530303020
0503750010376200312500500313500016027001607732403065300529952990294029302925287028652855280527952790273527252720320531653160312031153080307030353025
0503762010377400313500500314500016078001612832403070300530002990294029352925287528652860280528002790274027302720321031653160312531153080307530353030
0503774010378600314500500315500016129001617932453070301030002995294529352930288028702865281028052795274027352725321031703165312531203085307530403030
0503786010379800315500500316500016180001623132453075301030053000295029402935288028752865281528052800274527402730321531753165313031253085308030403035
0503798010381000316500500317500016232001628232503075301530103000295029452935288528802870282028102805275027452735321531753170313531253090308030453035
0503810010382200317500500318500016283001633332503080302030103005295529452940289028802875282028152805275527452740322031803170313531303090308530503040
0503822010383400318500500319500016334001638532553085302030153010296029502945289528852880282528202810276027502745322031803175314031303095309030503045
0503834010384600319500500320500016386001643632553085302530203010296029552945289528902880283028202815276027552745322531853175314031353100309030553045
0503846010385800320500500321500016437001648732553090303030203015296529552950290028902885283528252820276527602750322531853180314531353100309530553050
0503858010387000321500500322500016488001653832603090303030253015297029602955290528952890283528302820277027602755323031903180314531403105309530603055
0503870010388200322500500323500016539001659032653095303530253020297029652955290529002890284028352825277527652760323031903185315031403105310030653055
0503882010389400323500500324500016591001664132653100303530303025297529702960291029052895284528352830278027702760323531953185315031453110310030653060
0503894010390600324500500325500016642001669232653100304030353025298029702965291529052900285028402835278027752765323531953190315531503110310530703060
0503906010391800325500500326500016693001674432703105304530353030298029752965291529102900285028452835278527802770324032003190316031503115311030703065
0503918010393000326500500327500016745001679532703105304530403035298529752970292029152905285528502840279027802775324032003195316031553120311030753070
0503930010394200327500500328500016796001684632753110305030453035299029802975292529152910286028502845279527852780324532053200316531553120311530803070
0503942010395400328500500329500016847001689732753110305030453040299029852975292529202915286528552850279527902780324532053200316531603125311530803075
0503954010396600329500500330500016898001694932803115305530503040299529852980293029252915286528602850280027952785325032103205317031603125312030853075
0503966010397800330500500331500016950001700032803115306030503045299529902985293529252920287028602855280527952790325032103205317031653130312030853080
0503978010399000331500500332500017001001705132853120306030553050300029952985293529302925287528652860281028002795325532153210317531653130312530903080
0503990010400200332500500333500017052001710332853125306530553050300529952990294029352925287528702860281028052795325532153210317531703135312530903085
0504002010401400333500500334500017104001715432903125306530603055300530002990294529352930288028752865281528102800326032203215318031703135313030953090
0504014010402600334500500335500017155001720532903130307030653055301030052995294529402935288528752870282028102805326032203215318031753140313531003090
0504026010403800335500500336500017206001725632953130307530653060301030053000295029452935288528802870282528152810326532253215318531753140313531003095
0504038010405000336500500337500017257001730832953135307530703065301530103000295529452940289028852875282528202810326532253220318531803145314031053095
0504050010406200337500500338500017309001735933003135308030703065302030103005295529502945289528852880283028202815327032303225319031803150314031053100
0504062010407400338500500339500017360001741033003140308030753070302030153010296029552945289528902885283528252820327032303225319031853150314531103100
0504074010408600339500500340500017411001746233003140308530803070302530203010296529552950290028952885283528302820327032353225319531853155314531103105
0504086010409800340500500341500017463001751333053145308530803075302530203015296529602950290528952890284028352825327532353230319531903155315031153105
0504098010411000341500500342500017514001756433053145309030853075303030253015297029652955290529002895284528352830327532403230320031903160315031153110
0504110010412200342500500343500017565001761533103150309530853080303530253020297529652960291029052895285028402835328032403235320031953160315531203115
0504122010413400343500500344500017616001766733103150309530903080303530303025297529702960291529052900285028452835328032453235320531953165315531253115
0504134010414600344500500345500017668001771833153155310030903085304030353025298029702965291529102905285528452840328532453240320532003165316031253120
0504146010415800345500500346500017719001776933153155310030953090304030353030298029752970292029152905286028502845328532503240321032003170316031303120
0504158010417000346500500347500017770001782133203160310530953090304530403030298529802970292529152910286028552845329032503245321032053170316531303125
0504170010418200347500500348500017822001787233203160310531003095305030403035299029802975292529202915286528552850329032503245321532053175316531353125
0504182010419400348500500349500017873001792333203165311031053095305030453040299029852975293029252915287028602855329532553250321532103175317031353130
0504194010420600349500500350500017924001797433253170311031053100305530453040299529852980293529252920287028652855329532553250322032103180317031403130
0504206010421800350500500351500017975001802633253170311531103100305530503045299529902985293529302925287528702860329532603255322032153180317531403135
0504218010423000351500500352500018027001807733303170311531103105306030553045300029952985294029352925288028702865330032603255322532153185317531453135
0504230010424200352500500353500018078001812833303175312031153105306030553050300529952990294529352930288028752865330032653260322532203185318031453140
0504242010425400353500500354500018129001817933303180312031153110306530603050300530002995294529402930288528802870330532653260323032203190318031503140
0504254010426600354500500355500018180001823133353180312531203110307030603055301030002995295029402935289028802875330532703260323032253190318531503145
0504266010427800355500500356500018232001828233353180312531203115307030653055301030053000295029452940289028852875330532703265323032253195318531553145
0504278010429000356500500357500018283001833333403185313031253120307530653060301530103000295529502940289528902880331032753265323532303195319031553150
0504290010430200357500500358500018334001838533403185313531253120307530703065302030103005296029502945290028902885331032753270323532303200319031603150
0504302010431400358500500359500018386001843633453190313531303125308030703065302030153005296029552945290028952885331532753270324032353200319531603155
0504314010432600359500500360500018437001848733453190314031303125308030753070302530153010296529602950290528952890331532803275324032353205319531653155
0504326010433800360500500361500018488001853833453195314031353130308530803070302530203015296529602955291029002895332032803275324532353205320031653160
0504338010435000361500500362500018539001859033503195314531353130308530803075303030253015297029652955291029052895332032853280324532403210320031703160
0504350010436200362500500363500018591001864133503200314531403135309030853075303030253020297529652960291529052900332032853280325032403210320531703165
0504362010437400363500500364500018642001869233553200315031403135309030853080303530303020297529702965291529102905332532903280325032453210320531753165
0504374010438600364500500365500018693001874433553205315031453140309530903080304030303025298029752965292029152905332532903285325532453215321031753170
0504386010439800365500500366500018745001879533553205315531453140310030903085304030353025298029752970292529152910333032903285325532503215321031803170
0504398010441000366500500367500018796001884633603210315531503145310030953085304530353030298529802970292529202910333032953290325532503220321531803175
0504410010442200367500500368500018847001889733603210316031503145310530953090304530403035299029802975293029252915333032953290326032553220321531853175
0504422010443400368500500369500018898001894933653215316031553150310531003095305030403035299029852980293529252920333533003290326032553225322031853180
0504434010444600369500500370500018950001900033653215316531553150311031003095305030453040299529852980293529302920333533003295326532553225322031903180
0504446010445800370500500371500019001001905133653220316531603155311031053100305530503040299529902985294029302925334033003295326532603230322031903185
0504458010447000371500500372500019052001910333703220317031603155311531053100305530503045300029952985294029352930334033053300327032603230322531953185
0504470010448200372500500373500019104001915433703220317031653160311531103105306030553045300529952990294529402930334033053300327032653235322531953190
0504482010449400373500500374500019155001920533703225317031653160312031103105306030553050300530002990294529402935334533103305327032653235323032003190
0504494010450600374500500375500019206001925633753225317531703165312031153110306530603050301030002995295029452935334533103305327532703235323032003195
0504506010451800375500500376500019257001930833753230317531703165312531153110307030603055301030053000295529452940335033153305327532703240323532003195
0504518010453000376500500377500019309001935933803230318031753170312531203115307030653060301530053000295529502945335033153310328032753240323532053200
0504530010454200377500500378500019360001941033803235318031753170313031203115307530653060301530103005296029552945335033153310328032753245324032053200
0504542010455400378500500379500019411001946233803235318531803175313031253120307530703065302030153005296029552950335533203315328532753245324032103205
0504554010456600379500500380500019463001951333853240318531803175313531253120308030703065302030153010296529602950335533203315328532803250324032103205
0504566010457800380500500381500019514001956433853240319031853175313531303125308030753070302530203010297029602955335533253315328532803250324532153205
0504578010459000381500500382500019565001961533853240319031853180314031303125308530753070303030203015297029652960336033253320329032853255324532153210
0504590010460200382500500383500019616001966733903245319531903180314031353130308530803075303030253015297529652960336033253320329032853255325032203210
0504602010461400383500500384500019668001971833903245319531903185314531353130309030803075303530253020297529702965336533303325329532853255325032203215
0504614010462600384500500385500019719001976933953250320031903185314531403135309030853080303530303025298029752965336533303325329532903260325532203215
0504626010463800385500500386500019770001982133953250320031953190315031403135309530853080304030303025298029752970336533303325329532903260325532253220
0504638010465000386500500387500019822001987233953255320531953190315031453140309530903085304030353030298529802970337033353330330032953265325532253220
0504650010466200387500500388500019873001992334003255320532003195315531453140310030953085304530403030299029802975337033353330330032953265326032303225
0504662010467400388500500389500019924001997434003255320532003195315531503145310030953090304530403035299029852980337033403330330532953265326032303225
0504674010468600389500500390500019975002002634003260321032053200315531503145310530953090305030453035299529852980337533403335330533003270326532353225
0504686010469800390500500391500020027002007734053260321032053200316031553150310531003095305030453040299529902985337533403335330533003270326532353230
0504698010471000391500500392500020078002012834053265321532103205316031553150311031053095305530503040300029952985337533453340331033053275327032403230
0504710010472200392500500393500020129002017934053265321532103205316531603150311031053100305530503045300029952990338033453340331033053275327032403235
0504722010473400393500500394500020180002023134103270322032103205316531603155311531053100306030553045300530002990338033453340331533053280327032403235
0504734010474600394500500395500020232002028234103270322032153210317031653155311531103105306030553050300530002995338533503345331533103280327532453240
0504746010475800395500500396500020283002033334103270322532153210317031653160312031103105306530603050301030052995338533503345331533103280327532453240
0504758010477000396500500397500020334002038534153275322532203215317531703160312031153110306530603055301530053000338533553345332033153285328032503240
0504770010478200397500500398500020386002043634153275322532203215317531703165312531153110307030653055301530103005339033553350332033153285328032503245
0504782010479400398500500399500020437002048734203280323032253220318031703165312531203115307030653060302030103005339033553350332533153290328032553245
0504794010480600399500500400500020488002053834203280323032253220318031753170313031203115307530703060302030153010339033603355332533203290328532553250
0504806010481800400500500401500020539002059034203280323532303220318031753170313031253120307530703065302530153010339533603355332533203290328532553250
0504818010483000401500500402500020591002064134253285323532303225318531803175313531253120308030753070302530203015339533603355333033203295329032603255
0504830010484200402500500403500020642002069234253285323532303225318531803175313531303125308030753070303030203015339533653360333033253295329032603255
0504842010485400403500500404500020693002074434253290324032353230319031853180313531303125308530803070303030253020340033653360333033253300329032653255
0504854010486600404500500405500020745002079534303290324032353230319031853180314031353130308530803075303530253020340033653360333533303300329532653260
0504866010487800405500500406500020796002084634303290324532403235319531903180314031353130309030853080303530303025340033703365333533303300329532653260
0504878010489000406500500407500020847002089734303295324532403235319531903185314531403135309030853080304030353025340533703365334033303305330032703265
0504890010490200407500500408500020898002094934303295325032403235320031903185314531403135309530903080304030353030340533703365334033353305330032703265
0504902010491400408500500409500020950002100034353300325032453240320031953190315031453135309530903085304530403030340533753370334033353305330032753265
0504914010492600409500500410500021001002105134353300325032453240320031953190315031453140310030953085304530403035341033753370334533353310330532753270
0504926010493800410500500411500021052002110334403300325532503245320532003195315531503140310030953090305030453035341033803375334533403310330532753270
0504938010495000411500500412500021104002115434403305325532503245320532003195315531503145310531003090305030453040341033803375334533403315330532803275
0504950010496200412500500413500021155002120534403305326032553245321032053195316031503145310531003095305530503040341533803375335033453315331032803275
0504962010497400413500500414500021206002125634403305326032553250321032053200316031553150311031053095305530503045341533853380335033453315331032853275
0504974010498600414500500415500021257002130834453310326032553250321532053200316031553150311031053100306030553045341533853380335033453320331532853280
0504986010499800415500500416500021309002135934453310326532603255321532103205316531603155311531103100306030553050342033853380335533503320331532853280
0504998010501000416500500417500021360002141034453315326532603255321532103205316531603155311531103105306530603050342033903385335533503320331532903285
0505010010502200417500500418500021411002146234503315327032653255322032153210317031653160312031103105306530603055342033903385335533503325332032903285
0505022010503400418500500419500021463002151334503315327032653260322032153210317031653160312031153110307030653055342533903385336033553325332032903285
0505034010504600419500500420500021514002156434503320327032653260322532203210317531703160312531153110307030653060342533953390336033553330332032953290
0505046010505800420500500421500021565002161534553320327532703265322532203215317531703165312531203115307530703060342533953390336533553330332532953290
0505058010507000421500500422500021616002166734553320327532703265323032203215318031703165313031203115307530703065343033953390336533603330332533003290
0505070010508200422500500423500021668002171834553325327532703265323032253220318031753170313031253120308030753065343034003395336533603335332533003295
0505082010509400423500500424500021719002176934603325328032753270323032253220318031753170313031253120308030753070343034003395337033603335333033003295
0505094010510600424500500425500021770002182134603325328032753270323532303225318531803175313531303125308530753070343034003395337033653335333033053300
0505106010511800425500500426500021822002187234603330328532803275323532303225318531803175313531303125308530803075343534053400337033653340333533053300
0505118010513000426500500427500021873002192334653330328532803275323532303225319031853175314031353125309030803075343534053400337533653340333533053300
0505130010514200427500500428500021924002197434653335328532803275324032353230319031853180314031353130309030853080343534053400337533703340333533103305
0505142010515400428500500429500021975002202634653335329032853280324032353230319531853180314531403130309530853080344034103405337533703345334033103305
0505154010516600429500500430500022027002207734653335329032853280324532403235319531903185314531403135309530903085344034103405338033703345334033153305
0505166010517800430500500431500022078002212834703340329532903280324532403235319531903185315031403135309530903085344034103405338033753345334033153310
0505178010519000431500500432500022129002217934703340329532903285324532403235320031953190315031453140310030953090344534153405338033753350334533153310
0505190010520200432500500433500022180002223134703340329532903285325032453240320031953190315031453140310030953090344534153410338533803350334533203315
0505202010521400433500500434500022232002228234753345330032953290325032453240320532003190315531503145310531003095344534153410338533803350334533203315
0505214010522600434500500435500022283002233334753345330032953290325532503245320532003195315531503145310531003095345034153410338533803355335033203315
0505226010523800435500500436500022334002238534753345330032953290325532503245320532003195316031553145311031053095345034203415339033803355335033253320
0505238010525000436500500437500022386002243634803350330533003295325532503245321032053200316031553150311031053100345034203415339033853360335033253320
0505250010526200437500500438500022437002248734803350330533003295326032553250321032053200316531553150311531103100345034203415339033853360335533253320
0505262010527400438500500439500022488002253834803350330533003295326032553250321532103205316531603155311531103105345534253420339533853360335533303325
0505274010528600439500500440500022539002259034803355331033053300326532603250321532103205316531603155312031103105345534253420339533903365335533303325
0505286010529800440500500441500022591002264134853355331033053300326532603255322032103205317031653160312031153110345534253420339533903365336033353325
0505298010531000441500500442500022642002269234853355331533103305326532603255322032153210317031653160312031153110346034303425339533903365336033353330
0505310010532200442500500443500022693002274434853360331533103305327032653260322032153210317531703160312531203115346034303425340033953370336033353330
0505322010533400443500500444500022745002279534903360331533103305327032653260322532203215317531703165312531203115346034303425340033953370336533403330
0505334010534600444500500445500022796002284634903360332033153310327032653260322532203215318031703165313031253120346034353430340033953370336533403335
0505346010535800445500500446500022847002289734903365332033153310327532703265322532203215318031753170313031253120346534353430340534003375336533403335
0505358010537000446500500447500022898002294934903365332033153310327532703265323032253220318031753170313531303120346534353430340534003375337033453335
0505370010538200447500500448500022950002300034953365332533203315328032753270323032253220318531803175313531303125346534353430340534003375337033453340
0505382010539400448500500449500023001002305134953370332533203315328032753270323532303220318531803175313531303125347034403435341034053375337033453340
0505394010540600449500500450500023052002310334953370332533203315328032753270323532303225319031803175314031353130347034403435341034053380337533503340
0505406010541800450500500451500023104002315435003370333033253320328532803275323532303225319031853180314031353130347034403435341034053380337533503345
0505418010543000451500500452500023155002320535003375333033253320328532803275324032353230319031853180314531403135347034453440341534103380337533503345
0505430010544200452500500453500023206002325635003375333033253320328532803275324032353230319531903185314531403135347534453440341534103385338033553345
0505442010545400453500500454500023257002330835003375333533303325329032853280324532403230319531903185315031453135347534453440341534103385338033553350
0505454010546600454500500455500023309002335935053380333533303325329032853280324532403235320031953185315031453140347534453445342034153385338033553350
0505466010547800455500500456500023360002341035053380333533303325329532853280324532403235320031953190315031453140348034503445342034153390338533603355
0505478010549000456500500457500023411002346235053380334033353330329532903285325032453240320031953190315531503145348034503445342034153390338533603355
0505490010550200457500500458500023463002351335053385334033353330329532903285325032453240320532003195315531503145348034503445342034153390338533603355
0505502010551400458500500459500023514002356435103385334033353335330032953290325032453240320532003195316031553150348034553450342534203395339033653355
0505514010552600459500500460500023565002361535103385334533403335330032953290325532503245321032053195316031553150348534553450342534203395339033653360
0505526010553800460500500461500023616002366735103390334533403335330032953290325532503245321032053200316531553150348534553450342534203395339033653360
0505538010555000461500500462500023668002371835103390334533403340330533003295326032553245321032053200316531603155348534553455343034253400339533703360
0505550010556200462500500463500023719002376935153390335033453340330533003295326032553250321532103205316531603155348534603455343034253400339533703365
0505562010557400463500500464500023770002382135153390335033453340330533003295326032553250321532103205317031653160349034603455343034253400339533703365
0505574010558600464500500465500023822002387235153395335033453340331033053300326532603255321532103205317031653160349034603455343034253405339533703365
0505586010559800465500500466500023873002392335203395335533503345331033053300326532603255322032153210317531653160349034653460343534303405340033753370
0505598010561000466500500467500023924002397435203395335533503345331033053300326532603255322032153210317531703165349534653460343534303405340033753370
0505610010562200467500500468500023975002402635203400335533503345331533103305327032653260322532203215317531703165349534653460343534303405340033753370
0505622010563400468500500469500024027002407735203400336033553350331533103305327032653260322532203215318031753170349534653460344034353410340533803375
0505634010564600469500500470500024078002412835253400336033553350331533103305327032653260322532203215318031753170349534703465344034353410340533803375
0505646010565800470500500471500024129002417935253405336033553350332033153310327532703265323032253220318531803170350034703465344034353410340533803375
0505658010567000471500500472500024180002423135253405336533603355332033153310327532703265323032253220318531803175350034703465344034403415341033853380
0505670010568200472500500473500024232002428235253405336533603355332033153310328032753265323532253220318531803175350034753470344534403415341033853380
0505682010569400473500500474500024283002433335303410336533603355332533203315328032753270323532303225319031853180350034753470344534403415341033853380
0505694010570600474500500475500024334002438535303410337033653360332533203315328032753270323532303225319031853180350534753470344534403420341533903385
0505706010571800475500500476500024386002443635303410337033653360332533203315328532803275324032353230319531853180350534753470345034453420341533903385
0505718010573000476500500477500024437002448735303410337033653360333033253320328532803275324032353230319531903185350534803475345034453420341533903385
0505730010574200477500500478500024488002453835353415337533703365333033253320328532803275324032353230319531903185350534803475345034453420341533953385
0505742010575400478500500479500024539002459035353415337533703365333033253320329032853280324532403235320031953190351034803475345034453425342033953390
0505754010576600479500500480500024591002464135353415337533703365333533303325329032853280324532403235320031953190351034803475345534503425342033953390
0505766010577800480500500481500024642002469235353420337533753370333533303325329032853280324532403235320031953190351034853480345534503425342033953390
0505778010579000481500500482500024693002474435403420338033753370333533303325329532903285325032453240320532003195351034853480345534503430342534003395
0505790010580200482500500483500024745002479535403420338033753370334033353330329532903285325032453240320532003195351534853480346034553430342534003395
0505802010999999483500500999990024796009999935403420338033753375334033353330329532903285325532453240321032053195351534853485346034553430342534003395
