0400000000019200015500500016000000000000082100000000000000000000000000000000000000000000000000000000000000000000000000000000000000000000000000000000
0400192010019800016000500016500000822000084600000000000000000000000000000000000000000000000000000000000000000000004500000000000000000000000000000000
0400198010020400016500500017000000847000087200000000000000000000000000000000000000000000000000000000000000000000009000000000000000000000000000000000
0400204010021000017000500017500000873000089700200000000000000000000000000000000000000000000000000000000000000000013500000000000000000000000000000000
0400210010021600017500500018000000898000092300650000000000000000000000000000000000000000000000000000000000000000017500000000000000000000000000000000
0400216010022200018000500018500000924000094901050000000000000000000000000000000000000000000000000000000000000000021500000000000000000000000000000000
0400222010022800018500500019000000950000097401500000000000000000000000000000000000000000000000000000000000000000025000000000000000000000000000000000
0400228010023400019000500019500000975000100001850000000000000000000000000000000000000000000000000000000000000000028500000000000000000000000000000000
0400234010024000019500500020000001001000102602250000000000000000000000000000000000000000000000000000000000000000032000300000000000000000000000000000
0400240010024600020000500020500001027000105102700000000000000000000000000000000000000000000000000000000000000000035500700000000000000000000000000000
0400246010025200020500500021000001052000107703050000000000000000000000000000000000000000000000000000000000000000038501100010000000000000000000000000
0400252010025800021000500021500001078000110303400000000000000000000000000000000000000000000000000000000000000000042001450050000000000000000000000000
0400258010026400021500500022000001104000112803750000000000000000000000000000000000000000000000000000000000000000045001850085000000000000000000000000
0400264010027000022000500022500001129000115404050000000000000000000000000000000000000000000000000000000000000000047502150125000000000000000000000000
0400270010027600022500500023000001155000117904350000000000000000000000000000000000000000000000000000000000000000050502500160000000000000000000000000
0400276010028200023000500023500001180000120504650000000000000000000000000000000000000000000000000000000000000000053002850195002000000000000000000000
0400282010028800023500500024000001206000123104950000000000000000000000000000000000000000000000000000000000000000055503150225005500000000000000000000
0400288010029400024000500024500001232000125605250000000000000000000000000000000000000000000000000000000000000000058503450260009000000000000000000000
0400294010030000024500500025000001257000128205500000000000000000000000000000000000000000000000000000000000000000060503750290012500350000000000000000
0400300010030600025000500025500001283000130805750000000000000000000000000000000000000000000000000000000000000000063004000320015500700000000000000000
0400306010031200025500500026000001309000133306000000000000000000000000000000000000000000000000000000000000000000065504300345019001050000000000000000
0400312010031800026000500026500001334000135906250000000000000000000000000000000000000000000000000000000000000000067504550375022001350000000000000000
0400318010032400026500500027000001360000138506500000000000000000000000000000000000000000000000000000000000000000069504800400025001650010000000000000
0400324010033000027000500027500001386000141006750000000000000000000000000000000000000000000000000000000000000000072005050430028002000040000000000000
0400330010033600027500500028000001411000143606950000000000000000000000000000000000000000000000000000000000000000074005300455030502250075000000000000
0400336010034200028000500028500001437000146207150000000000000000000000000000000000000000000000000000000000000000076005500480033502550105002500000000
0400342010034800028500500029000001463000148707350000000000000000000000000000000000000000000000000000000000000000077505750500036002850135005500000000
0400348010035400029000500029500001488000151307600000000000000000000000000000000000000000000000000000000000000000079505950525038503100165008500000000
0400354010036000029500500030000001514000153807800000000000000000000000000000000000000000000000000000000000000000081506200550041003350195011500000000
0400360010036600030000500030500001539000156407950000000000000000000000000000000000000000000000000000000000000000083006400570043503600220014500000000
0400366010037200030500500031000001565000159008150000000000000000000000000000000000000000000000000000000000000000085006600590046003850250017500300000
0400372010037800031000500031500001591000161508350000000000000000000000000000000000000000000000000000000000000000086506800610048004100275020000600000
0400378010038400031500500032000001616000164108500015000000000000000000000000000000000000000000000000000000000000089007000635050504350300023000900015
0400384010039000032000500032500001642000166708700040000000000000000000000000000000000000000000000000000000000000090507150650052504550325025501150045
0400390010039600032500500033000001668000169208850065000000000000000000000000000000000000000000000000000000000000092007350670054504800350028001450075
0400396010040200033000500033500001693000171809050090000000000000000000000000000000000000000000000000000000000000094007550690056505000370030501700100
0400402010040800033500500034000001719000174409200110000000000000000000000000000000000000000000000000000000000000095507700710058505200395032501950125
0400408010041400034000500034500001745000176909350135000000000000000000000000000000000000000000000000000000000000097007850725060505400415035002200155
0400414010042000034500500035000001770000179509500155000000000000000000000000000000000000000000000000000000000000098508050745062505600440037502450180
0400420010042600035000500035500001796000182109650180000000000000000000000000000000000000000000000000000000000000100008200760064505800460039502700205
0400426010043200035500500036000001822000184609800200000000000000000000000000000000000000000000000000000000000000101508350775066006000480041502950225
0400432010043800036000500036500001847000187209950220000000000000000000000000000000000000000000000000000000000000102508500795068006200500043503150250
0400438010044400036500500037000001873000189710100240000000000000000000000000000000000000000000000000000000000000104008650810069506350520046003400275
0400444010045000037000500037500001898000192310200260000000000000000000000000000000000000000000000000000000000000105508800825071506550540048003600295
0400450010045600037500500038000001924000194910350280000000000000000000000000000000000000000000000000000000000000107008950840073006700560049503800320
0400456010046200038000500038500001950000197410500295000500050005000000000000000000000000000000000000000000000000108009150860074506900575051504000340
0400462010046800038500500039000001975000200010600315000500050005000000000000000000000000000000000000000000000000109509300875076007050595053504200360
0400468010047400039000500039500002001000202610750335003000100010000000000000000000000000000000000000000000000000110509450890077507200610055504400380
0400474010048000039500500040000002027000205110850350005000100010000000000000000000000000000000000000000000000000111509550905079007350630057004600400
0400480010048600040000500040500002052000207711000370007000200010000000000000000000000000000000000000000000000000113009700920080507500645059004800420
0400486010049200040500500041000002078000210311150385009000400010000000000000000000000000000000000000000000000000114009850935082007650660060504950440
0400492010049800041000500041500002104000212811250405011000600010000000000000000000000000000000000000000000000000115009950945083507800675062005150460
0400498010050400041500500042000002129000215411400420013000800030000000000000000000000000000000000000000000000000116510100960085007950695064005300475
0400504010051000042000500042500002155000217911500435015001000050000000000000000000000000000000000000000000000000117510200975086008100710065505500495
0400510010051600042500500043000002180000220511650450017001200070000000000000000000000000000000000000000000000000118510350985087508250725067005650510
0400516010052200043000500043500002206000223111750465019001400090000000000000000000000000000000000000000000000000119510451000089008350740068505850530
0400522010052800043500500044000002232000225611900480020501600110000000000000000000000000000000000000000000000000120510601010090008500750070006000545
0400528010053400044000500044500002257000228212000500022501800130000000000000000000000000000000000000000000000000121510701025091508650765071506150560
0400534010054000044500500045000002283000230812150510024501950150000500050005000000000000000000000000000000000000122510801035093008800780073006300580
0400540010054600045000500045500002309000233312250525026002150170000500050005000000000000000000000000000000000000123510951045094508950795074506450595
0400546010055200045500500046000002334000235912350540027502300185000500050005000000000000000000000000000000000000124511051060095509100805075506600610
0400552010055800046000500046500002360000238512450555029502500205001500100010000000000000000000000000000000000000125511151070097009200820077006750625
0400558010056400046500500047000002386000241012550570031002650220003500100010000000000000000000000000000000000000126011251080098009350835078506900640
0400564010057000047000500047500002411000243612700585032502850240005500100010000000000000000000000000000000000000127011351090099509450845079507050655
0400570010057600047500500048000002437000246212800595034503000255007500300010000000000000000000000000000000000000128011451105100509600860081007200670
0400576010058200048000500048500002463000248712900610036003150275009500500010000000000000000000000000000000000000129011601115101509700870082507300685
0400582010058800048500500049000002488000251313000625037503350290011500700020000000000000000000000000000000000000130011701125103009850885083507450700
0400588010059400049000500049500002514000253813100635039003500305013000850040000000000000000000000000000000000000131011801135104009950895085007600710
0400594010060000049500500050000002539000256413200650040503650325015001050060000000000000000000000000000000000000132011901145105510100910086007750725
0400600010060600050000500050500002565000259013300665042003800340016501250080000000000000000000000000000000000000133012001155106510200920087507850740
0400606010061200050500500051000002591000261513400680044003950355018501400100000000000000000000000000000000000000133512101170107510300935089008000755
0400612010061800051000500051500002616000264113550690045504100370020001600115000500050005000000000000000000000000134512201180108510450950090508150770
0400618010062400051500500052000002642000266713650705047004300385022001750135000500050005000000000000000000000000135512301190110010550960092008250780
0400624010063000052000500052500002668000269213750720048504450405023501950150000500050005000000000000000000000000136512401200111010650975093008400795
0400630010063600052500500053000002693000271813850735049504600420025502100170000500050005000000000000000000000000137512501210112010800985094508500805
0400636010064200053000500053500002719000274413950745051004700435027002300185002000100010000000000000000000000000138512601220113010901000095508650820
0400642010064800053500500054000002745000276914000760052504850445028502450205003500100010000000000000000000000000139512651230114011001010096508750835
0400648010065400054000500054500002770000279514100770054005000460030002600220005500150010000000000000000000000000140012751240115011101020098008900845
0400654010066000054500500055000002796000282114200785055505150475031502750235007000300010000000000000000000000000141012851245116011201035099009000855
0400660010066600055000500055500002822000284614300795056505300490033502950255009000500010000000000000000000000000142012951255117011301045100509100870
0400666010067200055500500056000002847000287214400805058005400505035003100270010500650025000000000000000000000000143013051265118011401055101509250880
0400672010067800056000500056500002873000289714500820059505550520036503250285012500850045000000000000000000000000143513151275119011501065102509350890
0400678010068400056500500057000002898000292314550830060505700535038003400300014001000060000000000000000000000000144513201285120011601075103509450905
0400684010069000057000500057500002924000294914650845062005850545039003550315016001200080000500050005000000000000145513301295121011701085104509600920
0400690010069600057500500058000002950000297414750855063506000560040503700330017501350095000500050005000000000000146513401305122011801095106009700930
0400696010070200058000500058500002975000300014850870064506100575042003850345019001500110000500050005000000000000147013501315123011901105107009850940
0400702010070800058500500059000003001000302614900880066006250590043504000360020501650130000500050005000000000000148013601320123512001115108009950955
0400708010071400059000500059500003027000305115000890067006350600045004100375022001850145000500050005000000000000149013651330124512101125109010050965
0400714010072000059500500060000003052000307715050900068506500615046004250390023502000160000500050005000000000000149513751340125512201135110010150975
0400720010072600060000500060500003078000310315150915069506600625047504400400025002150175002000100010000000000000150513851350126512251145111010250985
0400726010073200060500500061000003104000312815250925071006750640049004500415026502300190004000100010000000000000151013901355127012351155112010350995
0400732010073800061000500061500003129000315415300935072006850650050004650430028002450205005500150010000000000000152014001365128012451165113010451010
0400738010074400061500500062000003155000317915400945073007000665051504800445029502600220007000350010000000000000153014051375129012551175113510551020
0400744010075000062000500062500003180000320515450955074507100675053004950455031002750235009000500010000000000000153514151380130012601185114510651030
0400750010075600062500500063000003206000323115550965075507250690054005050470032502900250010500650030000000000000154514251390130512701190115510751040
0400756010076200063000500063500003232000325615600980077007350700055505200485034003050265012000800045000500050005155014301400131512801200116510851050
0400762010076800063500500064000003257000328215700990078007500715056505300500035503150280013501000060000500050005156014401410132512901210117510951060
0400768010077400064000500064500003283000330815751000079007600725058005450510036503300295015001150075000500050005156514501415133012951220118511051070
0400774010078000064500500065000003309000333315801010080507700740059005600525038003450310016501300090000500050005157014551425134013051225119011151080
0400780010078600065000500065500003334000335915901020081507850750060505700535039503600325018001450110000500050005158014651435135013151235120011251085
0400786010079200065500500066000003360000338515951025082507950760061505850550040503700335019501600125000500050005158514701440135513201245121011351095
0400792010079800066000500066500003386000341016001035083508050775063005950560042003850350021001750140000500050005159514801450136513301250121511401105
0400798010080400066500500067000003411000343616101045085008150785064006050575043003950365022501900155001000100010160014901455137013401260122511501115
0400804010081000067000500067500003437000346216201055086008300795065006200585044504100375023502000165002500100010160514951465138013451265123511601125
0400810010081600067500500068000003463000348716251065087008400810066506300600045504250390025002150180004000100010161515051470138513551275124011701135
0400816010082200068000500068500003488000351316351075088008500820067506450610047004350400026502300195005500200010162015101480139513651285125011751140
0400822010082800068500500069000003514000353816451085089008600830068506550625048004500415028002450210007000350010162515151485140513701290126011851150
0400828010083400069000500069500003539000356416501090090008700840070006650635049504600430029002600225008500500015163015251495141013801300126511951160
0400834010084000069500500070000003565000359016601100091008800850071006800645050504750440030502700240010000650030164015301500142013851310127512001165
0400840010084600070000500070500003591000361516651110092008900860072006900660052004850455032002850250011500800045164515401510142513951315128512101175
0400846010085200070500500071000003616000364116751120093009000870073507000670053005000465033003000265013000950060165015451515143514051325129012151185
0400852010085800071000500071500003642000366716801130094009100880074507150680054505100480034503100280014501100075166015501520144014101330130012251190
0400858010086400071500500072000003668000369216901135095009200890075507250695055505250490035503250290016001250090166515601530145014201340130512351200
0400864010087000072000500072500003693000371817001145096009300900076507350705056505350505037003350305017001400105167015651535145514251345131512401210
0400870010087600072500500073000003719000374417051155097009400910077507450715058005450515038003500315018501500120167515701545146514351355132012501215
0400876010088200073000500073500003745000376917151165098009500920078507550725059005600525039503600330020001650135168515801550147014401360133012551225
0400882010088800073500500074000003770000379517201175099009600930080007700740060005700540040503750340021001800145169015851555148014501370134012651230
0400888010089400074000500074500003796000382117301180100009700940081007800750061005800550042003850355022501950160169515901565148514551375134512701240
0400894010090000074500500075000003822000384617351190100509800950082007900760062505950565043004000365024002050175170515951570149014651385135512801245
0400900010090600075000500075500003847000387217451200101509900960083008000770063506050575044004100380025002200185171016051575150014701390136012851255
0400906010091200075500500076000003873000389717501205102509950970084008100780064506150585045504250390026502300200171516101580150514751400137012951265
0400912010091800076000500076500003898000392317601215103510050980085008200790066006300600046504350405027502450215172016151590151514851405137513001270
0400918010092400076500500077000003924000394917651225104010150990086008300800067006400610048004450415029002550225172516201595152014901415138513101280
0400924010093000077000500077500003950000397417701230105010250995087008400810068006500620049004600430030002700240173016301600152514951420139013151285
0400930010093600077500500078000003975000400017801240106010351005088008500820069006600630050004700440031502800250174016351610153015051430140013251295
0400936010094200078000500078500004001000402617851245107010451015089008600830070006750645051004800450032502950265174516401615154015101435140513301300
0400942010094800078500500079000004027000405117901255108010501025090008700840071006850655052504950465033503050275175016451620154515151440141513401310
0400948010095400079000500079500004052000407718001260108510601035090508800850072506950665053505050475035003200290175516551625155015251450142013451315
0400954010096000079500500080000004078000410318051270109510701045091508900860073507050675054505150485036003300300176016601635156015301455142513501320
0400960010096600080000500080500004104000412818101280110510801055092509000870074507150685055505300500037003400310176516651640156515351465143513601330
0400966010097200080500500081000004129000415418201285111510901060093509100880075507250695057005400510038503550325177016701645157015451470144013651335
0400972010097800081000500081500004155000417918251295112010951070094509150890076507350710058005500520039503650335177516801650157515501475145013751345
0400978010098400081500500082000004180000420518301300113011051080095509250900077507450720059005600535041003800350178016851660158015551480145513801350
0400984010099000082000500082500004206000423118401305114011151090096009350910078507550730060005750545042003900360178516901665159015601490146013851360
0400990010099600082500500083000004232000425618451315114511201095097009450915079507650740061005850555043004000370179016951670159515651495147013951365
0400996010100200083000500083500004257000428218501320115511301105098009550925080507750750062505950565044004150385179517001675160015751500147514001375
0401002010100800083500500084000004283000430818551330116511401115099009650935081507850760063506050580045504250395180517051680160515801510148014101380
0401008010101400084000500084500004309000433318601335117011451120100009700945082507950770064506150590046504350405181017101685161015851515148514151385
0401014010102000084500500085000004334000435918701345118011551130100509800955083008050780065506250600047504450420181517201695162015951520149514201395
0401020010102600085000500085500004360000438518751350118511651140101509900965084008150790066506400610048504600430182017251700162516001525150014301400
0401026010103200085500500086000004386000441018801360119511701145102510000975085008250800067506500620049504700440182517301705163016051535150514351410
0401032010103800086000500086500004411000443618851365120511801155103510100985086008350805068506600630051004800450183017351710163516101540151014401415
0401038010104400086500500087000004437000446218901375121011851165104010150990087008450815069506700640052004900465183517401715164516151545152014501420
0401044010105000087000500087500004463000448718951380122011951170105010251000088008500825070506800650053005000475184017451720165016251550152514551430
0401050010105600087500500088000004488000451319051390122512001180106010351010089008600835071506900660054005150485184517501725165516301555153014601435
0401056010106200088000500088500004514000453819101395123512101185107010451020089508700845072507000670055005250495185017551730166016351560153514701440
0401062010106800088500500089000004539000456419151400124012151195107510501025090508800855073507100680056005350510185517601735166516401570154014751445
0401068010107400089000500089500004565000459019201410125012251200108510601035091508900865074507200690057505450520186017651740167016451575155014801455
0401074010108000089500500090000004591000461519251415125512351210109510701045092509000875075507300705058505550530186517701750167516551580155514851460
0401080010108600090000500090500004616000464119301425126512401220110010751055093509100885076507400715059505700540187017751755168516601585156014951465
0401086010109200090500500091000004642000466719351430127012501225111010851060094509150890077507500725060505800550187517851760169016651595157015001475
0401092010109800091000500091500004668000469219451440128012601235112010951070095009250900078507600735061505900565188517901765169516701600157515051480
0401098010110400091500500092000004693000471819501445129012651245112511001080096009350910079507700745062506000575189017951770170016751605158015101485
0401104010111000092000500092500004719000474419551450129512751250113511101085097009450920080507800750063506100585189518001775170516801610158515201495
0401110010111600092500500093000004745000476919601460130512801260114511201095098009550930081507900760064506200595190018051785171016901620159515251500
0401116010112200093000500093500004770000479519651465131012901265115011251105099009650940082007950770065506300605190518101790172016951625160015301505
0401122010112800093500500094000004796000482119701475132012951275116011351110099509700950083008050780066506400615191018151795172517001630160515351510
0401128010113400094000500094500004822000484619801480132513051280116511451120100509800955084008150790067506500625191518201800173017051635161015451520
0401134010114000094500500095000004847000487219851485133513101290117511501130101509900965085008250800068506600635192018251805173517101640162015501525
0401140010114600095000500095500004873000489719901495134013201295118011601135102510000975086008350810069506700645192518351810174017151650162515551530
0401146010115200095500500096000004898000492319951500135013251305119011701145103010100985087008450820070506800655193018401815174517201655163015601535
0401152010115800096000500096500004924000494920051510135513351315120011751155104010150990088008550830071506900665193518451820175017301660163515651545
0401158010116400096500500097000004950000497420101515136513401320120511851160105010251000088508600840072507000675194018501825175517351665164015751550
0401164010117000097000500097500004975000500020151520137013501330121511901170105510351010089508700845073507100685194518551830176017401670164515801555
0401170010117600097500500098000005001000502620201530138013551335122012001175106510401020090508800855074507200695195018601835176517451675165515851560
0401176010118200098000500098500005027000505120251535138513651345123012101185107510501025091508900865075507300705195518651845177517501680166015901570
0401182010118800098500500099000005052000507720351540139013701350124012151195108010601035092509000875076507400715196018701850178017551690166516001575
0401188010119400099000500099500005078000510320401550140013801355124512251200109010651045093009100885077007500725196518751855178517601695167016051580
0401194010120000099500500100000005104000512820451555140513851365125512301210109510751050094009150895078007550735197018801860179017651700167516101585
0401200010120600100000500100500005129000515420501560141513901370126012401215110510801060095009250900079007650740197518851865179517751705168016151590
0401206010121200100500500101000005155000517920551570142014001380127012451225111510901070096009350910080007750750198018901870180017801710168516201600
0401212010121800101000500101500005180000520520601575142514051385127512551235112011001075096509450920081007850760198518951875180517851715169016251605
0401218010122400101500500102000005206000523120651580143514151395128512601240113011051085097509500930082007950770199019001880181017901720170016351610
0401224010123000102000500102500005232000525620701590144014201400129012701250113511151090098509600935082508050780199519051885181517951725170516401615
0401230010123600102500500103000005257000528220801595145014301410130012751255114511251100099009700945083508150790200019101890182018001730171016451620
0401236010124200103000500103500005283000530820851600145514351415130512851265115511301110100009750955084508200800200519151895182518051735171516501625
0401242010124800103500500104000005309000533320901605146014401420131512901270116011401115101009850965085508300810201019201900183018101740172016551630
0401248010125400104000500104500005334000535920951615147014501430132013001280117011451125101509950970086508400815201019251905183518151750172516601640
0401254010126000104500500105000005360000538521001620147514551435132513051285117511551135102510000980087008500825201519301910184018201755173016651645
0401260010126600105000500105500005386000541021051625148514651445133513151290118511651140103510100990088008600835202019351915184518251760173516701650
0401266010127200105500500106000005411000543621101635149014701450134013201300119011701150104010200995089008650845202519401920185018301765174016751655
0401272010127800106000500106500005437000546221151640149514751455135013301305120011801155105010251005090008750855203019451925185518351770175016801660
0401278010128400106500500107000005463000548721201645150514851465135513351315120511851165105510351010090508850860203519501930186018401775175516851665
0401284010129000107000500107500005488000551321251655151014901470136513451320121511951175106510451020091508950870204019551935186518451780176016901670
0401290010129600107500500108000005514000553821301660151514951480137013501330122512001180107010501030092509000880204519601940187018501785176516951675
0401296010130200108000500108500005539000556421351665152515051485137513551335123012101190108010601035093009100885205019651945187518551790177017051680
0401302010130800108500500109000005565000559021401670153015101490138513651345124012151195109010651045094009200895205519701950188018601795177517101685
0401308010131400109000500109500005591000561521451680153515151500139013701350124512251205109510751055095009250905206019751955188518651800178017151690
0401314010132000109500500110000005616000564121501685154015251505140013801360125012301210110510851060095509350915206519801960189018701805178517201700
0401320010132600110000500110500005642000566721551690155015301510140513851365126012401220111510901070096509450920207019851965189518751810179017251705
0401326010133200110500500111000005668000569221601695155515351520141513951375126512451225112011001080097509500930207519901970190018801815179517301710
0401332010133800111000500111500005693000571821651705156515451525142014001380127512551235113011051085098009600940208019951975190518851820180017351715
0401338010134400111500500112000005719000574421701710157015501530142514051385128012601240113511151095099009700945208520001980191018901825180517401720
0401344010135000112000500112500005745000576921751715157515551540143514151395129012701245114511251100099509750955209020051985191518951830181017451725
0401350010135600112500500113000005770000579521801720158015651545144014201400129512751255115011301110100509850960209520101990192019001835181517501730
0401356010136200113000500113500005796000582121851725159015701550144514301410130512851260116011401115101509900970210020151995192519051840182017551735
0401362010136800113500500114000005822000584621901735159515751560145514351415131012901270116511451125102010000980210520152000193019101845182517601740
0401368010137400114000500114500005847000587221951740160015851565146014401420131512951275117511551135103010100985211020202005193519151850183017651745
0401374010138000114500500115000005873000589722001745161015901570146514501430132513051285118011601140103510150995211520252010194019201855183517701750
0401380010138600115000500115500005898000592322051750161515951580147514551435133013101290119011701150104510251005212020302015194519251860184017751755
0401386010139200115500500116000005924000594922101760162016051585148014601440134013201300119511751155105510301010212520352020195019301865184517801760
0401392010139800116000500116500005950000597422151765162516101590148514701450134513251305120511851165106010401020212520402025195519351870185017851765
0401398010140400116500500117000005975000600022201770163516151600149514751455135513351315121011901170107010501025213020452030196019401875185517901770
0401404010141000117000500117500006001000602622251775164016201605150014801465136013401320122012001180107510551035213520502030196519451880186017951775
0401410010141600117500500118000006027000605122301780164516301610150514901470136513451330122512051185108510651045214020552035197019501885186518001780
0401416010142200118000500118500006052000607722301790165016351615151514951475137513551335123012101190109010701050214520602040197519551890187018051785
0401422010142800118500500119000006078000610322351795166016401625152015001485138013601340124012201200110010801060215020652045198019601895187518101790
0401428010143400119000500119500006104000612822401800166516451630152515101490138513701350124512251205110510851065215520702050198519651900188018151795
0401434010144000119500500120000006129000615422451805167016551635153515151495139513751355125512351215111510951075216020752055199019701905188518201800
0401440010144600120000500120500006155000617922501815167516601640154015201505140013801360126012401220112011001080216520802060199519751910189018251805
0401446010145200120500500121000006180000620522551820168516651650154515301510140513901370127012501230113011101090217020852065200019801915189518301810
0401452010145800121000500121500006206000623122601825169016751655155515351515141513951375127512551235113511151095217520902070200519851920190018351815
0401458010146400121500500122000006232000625622651830169516801660156015401525142014001385128012651245114511251105218020952075201019901925190518401820
0401464010147000122000500122500006257000628222701835170016851670156515451530142514101390129012701250115011301110218521002080201519951930191018451825
0401470010147600122500500123000006283000630822751845171016901675157015551535143514151395129512751260116011401120219021002085201520001935191518501830
0401476010148200123000500123500006309000633322801850171516951680157515601540144014201405130512851265116511451125219521052090202020051940192018551835
0401482010148800123500500124000006334000635922851855172017051685158515651550144514301410131012901270117511551135220021102095202520101945192518601840
0401488010149400124000500124500006360000638522901860172517101695159015751555145514351415131513001280118011601140220521152100203020151950193018651845
0401494010150000124500500125000006386000641022951865173017151700159515801560146014401425132513051285118511651150221021202105203520201950193518701850
0401500010150600125000500125500006411000643623001875174017201705160515851570146514501430133013101295119511751155221521252110204020251955194018751855
0401506010151200125500500126000006437000646223051880174517301710161015901575147514551435134013201300120011801165221521302115204520301960194518801860
0401512010151800126000500126500006463000648723101885175017351720161516001580148014601445134513251305121011901170222521352120205020351965195018851865
0401518010152400126500500127000006488000651323151890175517401725162016051585148514701450135013301315121511951180223021402125205520351970195518901870
0401524010153000127000500127500006514000653823201900176517451730163016101595149514751455135513401320122512051185223021452130206020401975196018951875
0401530010153600127500500128000006539000656423251905177017551735163516201600150014801465136513451325123012101190224021502135206520451980196519001880
0401536010154200128000500128500006565000659023301910177517601745164016251605150514901470137013551335123512201200224521552135207020501985196519051885
0401542010154800128500500129000006591000661523351915178017651750164516301610151014951475137513601340124512251205225021602140207520551990197019101890
0401548010155400129000500129500006616000664123401925179017701755165516351620152015001485138513651350125012301215225521652145208020601995197519151895
0401554010156000129500500130000006642000666723451930179517801760166016401625152515051490139013751355126012401220226021702150208020652000198019201900
0401560010156600130000500130500006668000669223501935180017851770166516501630153015151495140013801360126512451225226521752155208520702005198519201905
0401566010157200130500500131000006693000671823551945180517901775167016551640154015201505140513851370127012551235227021802160209020752010199019251910
0401572010157800131000500131500006719000674423551950181017951780168016601645154515251510141013951375128012601240227521802165209520802015199519301915
0401578010158400131500500132000006745000676923601960182018051785168516701650155015351515142014001380128512651250228021902170210020852020200019351920
0401584010159000132000500132500006770000679523651965182518101795169016751655155515401520142514051390129012751255228521902175210520902020200519401925
0401590010159600132500500133000006796000682123701970183018151800169516801665156515451530143014151395130012801260229021952180211020952025201019451930
0401596010160200133000500133500006822000684623751975183518201805170516851670157015501535143514201400130512851270229522002185211521002030201519501935
0401602010160800133500500134000006847000687223801985184518301810171016901675157515601540144514251410131012951275230022052190212021052035202019551935
0401608010161400134000500134500006873000689723851990185018351820171517001680158015651550145014301415132013001280230522102195212521102040202519601940
0401614010162000134500500135000006898000692323901995185518401825172017051690159015701555145514401420132513051290231522202205213021152045203019651945
0401620010162600135000500135500006924000694923902000186518501830172517101695159515751560146014451425133013151295232022252210213521152050203519701950
0401626010163200135500500136000006950000697423952010187018551840173517151700160015851565147014501435134013201300232522302215214021202055203519751955
0401632010163800136000500136500006975000700024002015187518601845174017251705160515901575147514601440134513251310233022352220214521252060204019801960
0401638010164400136500500137000007001000702624052020188518701855174517301715161515951580148014651445135013351315233522402225215021302065204519801965
0401644010165000137000500137500007027000705124102025189018751860175017351720162016051585149014701455136013401325234022452230215521352070205019851970
0401650010165600137500500138000007052000707724102035189518801865176017401725162516101590149514751460136513451330234522502235216021402075205519901975
0401656010166200138000500138500007078000710324152040190518901875176517501730163016151600150014851465137013551335235022552240216021452080206019951980
0401662010166800138500500139000007104000712824202045191018951880177017551740164016201605150514901475138013601345235522602245217021502085206520001985
0401668010167400139000500139500007129000715424252050191519001885177517601745164516251610151514951480138513651350236022652250217521552085207020051990
0401674010168000139500500140000007155000717924302055192019051890178517651750165016351615152015051485139013751355236522702255217521602090207520101995
0401680010168600140000500140500007180000720524352065193019151900179017751760165516401625152515101490139513801360237022752260218521652095208020152000
0401686010169200140500500141000007206000723124352070193519201905179517801765166016451630153015151500140513851370237522802265219021702100208520202000
0401692010169800141000500141500007232000725624402075194019251910180517901770167016551635154015201505141013901375238022852270219521802105209020252005
0401698010170400141500500142000007257000728224452080195019351920181017951780167516601645154515301510141514001380238022902275220021852110209520302010
0401704010171000142000500142500007283000730824502085195519401925181518001785168016651650155015351515142014051390238522952280220521902115210020352015
0401710010171600142500500143000007309000733324502090196019451930182518101795168516701655155515401525143014101395239023002290221021952120210520402020
0401716010172200143000500143500007334000735924552100196519501935183018151800169516751660156515451530143514201400239523052290221522002125211020402025
0401722010172800143500500144000007360000738524602105197019601945183518201805170016851665157015551535144014251410240023102295222022052130211520452030
0401728010173400144000500144500007386000741024652110198019651950184518301815170516901675157515601545145014301415240523152305222522102135212020502035
0401734010174000144500500145000007411000743624652115198519701955185018351820171016951680158015651550145514351420241023202305223022152140212520552040
0401740010174600145000500145500007437000746224702120199019751960185518401825172017051685159015701555146014451425241523252310223522202145213020602045
0401746010175200145500500146000007463000748724752125199519801970186018451830172517101695159515801560146514501435242023302315224022252150213520652050
0401752010175800146000500146500007488000751324802130200019901975187018551840173017151700160015851570147514551440242523352320224522302155214020702055
0401758010176400146500500147000007514000753824852135201019951980187518601845174017251705160515901575148014651445243023402325225022352160214520752060
0401764010177000147000500147500007539000756424852140201520001985188018651850174517301715161515951580148514701450243523452330225522402165215020802065
0401770010177600147500500148000007565000759024902145202020051990188518751860175017351720162016051585149014751460243523502335226022452170215520852070
0401776010178200148000500148500007591000761524952155202520102000189518801865176017451730162516101595150014801465244023552340226522502175216020902075
0401782010178800148500500149000007616000764124952160203020202005190018851870176517501735163016151600150514901470244523602345227022552180216520952075
0401788010179400149000500149500007642000766725002165203520252010190518901875177017551740163516201605151014951475245023652350227522602185217021002080
0401794010180000149500500150000007668000769225052170204520302015191519001885178017651750164516301610151515001485245523702355228022652190217521052085
0401800010180600150000500150500007693000771825102175205020352020192019051890178517701755165016351620152015051490246023752360228522702195218021102090
0401806010181200150500500151000007719000774425102180205520402025192519101895179017751760165516401625153015101495246523802365229022752200218521102095
0401812010181800151000500151500007745000776925152185206020452030193019151900180017851765166516451630153515201505247023852370229522802205219021152100
0401818010182400151500500152000007770000779525202190206520502040193519201905180517901775167016551640154015251510247023902375230022852210219521202105
0401824010183000152000500152500007796000782125202195207020602045194519301915181017951780167516601645154515301515247523952380230522902215220021302110
0401830010183600152500500153000007822000784625252200207520652050195019351920181518001785168016651650155515351520248023952385231022952220220521352115
0401836010184200153000500153500007847000787225302205208020702055195519401925182518101795169016751660156015451530248524002385231523002225221021402120
0401842010184800153500500154000007873000789725352210209020752060196019451930183018151800169516801665156515501535249024052390232023052230222021452130
0401848010185400154000500154500007898000792325402215209520802065196519501935183518201805170016851670157015551540249524102395232523102235222021502135
0401854010186000154500500155000007924000794925402220210020852070197019551945184018251810171016951680158015601545249524152400233023152240222521552140
0401860010186600155000500155500007950000797425452225210520902075198019651950185018351820171517001685158515701555250024202405233523202245223021602145
0401866010187200155500500156000007975000800025502230211020952080198519701955185518401825172017051690159015751560250524252410234023252250223521652150
0401872010187800156000500156500008001000802625552235211521002090199019751960186018451830173017151700159515801565251024302415234523302255224021702155
0401878010188400156500500157000008027000805125602240212021052095199519801965186518501835173517201705160515901570251524302420235023352260224521752160
0401884010189000157000500157500008052000807725602245212521102100200019851970187018551845174017251710161015951580251524352425235023402265225021802165
0401890010189600157500500158000008078000810325652250213021152105200519901980188018651850175017351720161516001585252024402425235523452270225521852170
0401896010190200158000500158500008104000812825702255213521202110201019951985188518701855175517401725162516051590252524452430236023452275226021902175
0401902010190800158500500159000008129000815425752260214021252115201520051990189018751860176017451730163016151600253024502435236523502280226521952180
0401908010191400159000500159500008155000817925752265214521302120202020101995189518801865176517501740163516201605253524552440237023552285227022002185
0401914010192000159500500160000008180000820525802270215021352125203020152000190018851875177517601745164516251610253524552445237523602290227522052190
0401920010192600160000500160500008206000823125852275215521402130203520202005190518951880178017651750165016351620254024602450238023652295228022102195
0401926010193200160500500161000008232000825625902280216021502135204020252010191519001885178517701755165516401625254524652450238523702300228522152200
0401932010193800161000500161500008257000828225902280216521502140204520302015192019051890179017751760166016451630255024702455238523752305229022202205
0401938010194400161500500162000008283000830825952285217021602145205020352020192519101895180017851770167016551640255524752460239023802310229522252210
0401944010195000162000500162500008309000833326002290217521652150205520402030193019151900180517901775167516601645255524752465239523852315230022302215
0401950010195600162500500163000008334000835926052295218021652155206020452035193519201910181017951780168016651650256024802470240023852315230522352220
0401956010196200163000500163500008360000838526052300218521752160206520502040194019301915181518001785169016751660256524852475240523902320231022402225
0401962010196800163500500164000008386000841026102305219021752165207020552045194519351920182018101795169516801665257024902475241023952325231022452230
0401968010197400164000500164500008411000843626152310219521802170207520602050195519401925183018151800170016851670257024952480241524002330231522452235
0401974010198000164500500165000008437000846226202315220021852175208020702055196019451930183518201805170516951680257524952485241524052335232022502240
0401980010198600165000500165500008463000848726202320220521902180208520752060196519501935184018251810171517001685258025002490242024102340232522552245
0401986010199200165500500166000008488000851326252325221021952185209020802065197019551940184518301820172017051690258525052495242524152345233022602250
0401992010199800166000500166500008514000853826302325221522002190209520852070197519601950185018351825172517101695258525102495243024152350233522652250
0401998010200400166500500167000008539000856426302330222022052195210020902075198019651955185518451830173017151705259025152500243524202355234022702255
0402004010201000167000500167500008565000859026352335222522102200210520952080198519751960186518501835174017251710259525152505244024252355234522752260
0402010010201600167500500168000008591000861526402340223022152205211021002085199019801965187018551840174517301715259525202510244024302360235022802265
0402016010202200168000500168500008616000864126452345223522202210211521052090199519851970187518601845175017351720260025252510244524352365235022852270
0402022010202800168500500169000008642000866726452350224022252215212021102095200019901975188018651850175517401730260525302515245024352370235522902275
0402028010203400169000500169500008668000869226502355224022302215212521152100200519951980188518701860176017501735261025302520245524402375236022952280
0402034010204000169500500170000008693000871826552355224522352220213021202105201020001985189018751865177017551740261025352525246024452380236523002285
0402040010204600170000500170500008719000874426552360225022402225213521252110202020051990189518851870177517601745261525402525246024502385237023002290
0402046010205200170500500171000008745000876926602365225522452230214021302115202520101995190018901875178017651750262025452530246524552385237523052295
0402052010205800171000500171500008770000879526652370226022502235214521352120203020152000191018951880178517701760262025452535247024552390238023102300
0402058010206400171500500172000008796000882126652375226522552240215021402125203520202005191519001885179017801765262525502540247524602395238023152300
0402064010207000172000500172500008822000884626702380227022552245215521402130204020252010192019051890180017851770263025552540247524652400238523202305
0402070010207600172500500173000008847000887226752385227522602250216021502135204520302015192519101895180517901775263025602545248024702405239023252310
0402076010208200173000500173500008873000889726752385228022652255216521502140205020352020193019151905181017951780263525602550248524702405239523302315
0402082010208800173500500174000008898000892326802390228022702260217021552145205520402025193519201910181518001785264025652555249024752410240023302320
0402088010209400174000500174500008924000894926852395228522752265217521602150206020452035194019251915182018051795264025702555249524802415240023352325
0402094010210000174500500175000008950000897426852400229022802265218021652155206520502035194519351920182518151800264525702560249524852420240523402325
0402100010210600175000500175500008975000900026902405229522852270218521702160207020552040195019401925183018201805265025752565250024852425241023452330
0402106010211200175500500176000009001000902626952405230022902275219021752165207520602050195519451930184018251810265025802565250524902425241523502335
0402112010211800176000500176500009027000905126952410230522902280219521802170208020652050196019501935184518301815265525852570251024952430242023552340
0402118010212400176500500177000009052000907727002415231022952285220021852175208520702060196519551940185018351820266025852575251025002435242023602345
0402124010213000177000500177500009078000910327052420231523002290220021902175209020752065197019601945185518401825266025902580251525052440242523602350
0402130010213600177500500178000009104000912827052425231523052295220521952180209520802065197519651950186018451830266525952580252025052445243023652355
0402136010214200178000500178500009129000915427102425232023102300221022002185210020852070198519701955186518501840267025952585252525102445243523702355
0402142010214800178500500179000009155000917927152430232523152300221522052190210520902075199019751960187018551845267026002590252525152450244023752360
0402148010215400179000500179500009180000920527152435233023202305222022052195210520952080199519801965187518651850267526052590253025152455244023802365
0402154010216000179500500180000009206000923127202440233523202310222522102200211021002085200019851970188018701855268026052595253525202460244523802370
0402160010216600180000500180500009232000925627202440234023252315223022152205211521052090200519901975188518751860268026102600253525252460245023852375
0402166010217200180500500181000009257000928227252445234023302320223522202210212021102095201019951980189518801865268526152600254025302465245523902375
0402172010217800181000500181500009283000930827302450234523352325224022252215212521152100201520001985190018851870269026152605254525302470245523952380
0402178010218400181500500182000009309000933327302455235023402325224022302220213021202105202020051990190518901875269026202610254525352475246024002385
0402184010219000182000500182500009334000935927352460235523452330224522352220213521252110202520101995191018951880269526252610255025402475246524002390
0402190010219600182500500183000009360000938527402460236023452335225022402225214021302115203020152000191519001885269526252615255525452480247024052395
0402196010220200183000500183500009386000941027402465236023502340225522452230214521302120203520202005192019051890270026302620256025452485247024102395
0402202010220800183500500184000009411000943627452470236523552345226022452235215021352125204020252010192519101900270526352620256025502490247524152400
0402208010221400184000500184500009437000946227452470237023602345226522502240215521402130204020302015193019151905270526352625256525552490248024152405
0402214010222000184500500185000009463000948727502475237523602350227022552245216021452135204520352020193519201910271026402630257025552495248524202410
0402220010222600185000500185500009488000951327552480238023652355227022602250216521502140205020402025194019251915271526452630257025602500248524252415
0402226010223200185500500186000009514000953827552485238023702360227522652250217021552145205520452030194519301920271526452635257525652505249024302415
0402232010223800186000500186500009539000956427602485238523752365228022702255217021602150206020502035195019351925272026502640258025652505249524352420
0402238010224400186500500187000009565000959027602490239023802365228522752260217521652150206520552040195519401930272026552640258025702510250024352425
0402244010225000187000500187500009591000961527652495239523802370229022752265218021702155207020602045196019451935272526552645258525752515250024402430
0402250010225600187500500188000009616000964127702500239523852375229522802270218521752160207520652050196519501940273026602650259025752515250524452430
0402256010226200188000500188500009642000966727702500240023902380229522852275219021802165208020702055197019551945273026602650259025802520251024502435
0402262010226800188500500189000009668000969227752505240523952385230022902275219521802170208520702060197519601950273526652655259525852525251024502440
0402268010227400189000500189500009693000971827752510241024002385230522952280220021852175209020752065198019651955273526702660260025852530251524552445
0402274010228000189500500190000009719000974427802510241024002390231022952285220521902180209520802070198519701960274026702660260025902530252024602445
0402280010228600190000500190500009745000976927802515241524052395231523002290220521952185210020852075199019751965274026752665260525952535252024602450
0402286010229200190500500191000009770000979527852520242024102400231523052295221022002190210520902080199519801970274526802665261025952540252524652455
0402292010229800191000500191500009796000982127852520242524152400232023102300221522052190211020952085200019851975275026802670261026002540253024702455
0402298010230400191500500192000009822000984627902525243024152405232523152300222022102195211521002090200519901980275026852675261526052545253524752460
0402304010231000192000500192500009847000987227952530243024202410233023202305222522102200211521052095201019951985275526852675262026052550253524752465
0402310010231600192500500193000009873000989727952535243524252415233523202310223022152205212021102095201520001990275526902680262026102550254024802470
0402316010232200193000500193500009898000992328002535244024302415233523252315223522202210212521152100202020051995276026952685262526152555254524852470
0402322010232800193500500194000009924000994928002540244024302420234023302320223522252215213021202105202020102000276526952685263026152560254524852475
0402328010233400194000500194500009950000997428052545244524352425234523352320224022302215213521252110202520152000276527002690263026202560255024902480
0402334010234000194500500195000009975001000028052545245024402430235023352325224522352220214021252115203020202005277027002690263526252565255524952485
0402340010234600195000500195500010001001002628102550245524402430235023402330225022352225214521302120203520252010277027052695263526252570255525002485
0402346010235200195500500196000010027001005128152555245524452435235523452335225522402230215021352125204020302015277527102700264026302570256025002490
0402352010235800196000500196500010052001007728152555246024502440236023502340225522452235215021402130204520352020277527102700264526302575256525052495
0402358010237000196500500197500010078001012828202560246524552445236523552345226522502240216021452135205520402030278027152705265026352580257025102500
0402370010238200197500500198500010129001017928252570247524602450237523602350227022602250217021552145206020502040278527202710265526452585257525152505
0402382010239400198500500199500010180001023128302575248024702460238023702360228022702255217521652150207020602045279027252715266026502590258025252510
0402394010240600199500500200500010232001028228352580248524752465239023752365228522752265218521752160208020702055279527352720266526552600258525302520
0402406010241800200500500201500010283001033328402585249524852475239523852375229522852270219521802170209020752065280027402730267526602605259525352525
0402418010243000201500500202500010334001038528452595250024902480240523902380230522902280220021902180210020852075281027452735268026702610260025452530
0402430010244200202500500203500010386001043628502600250524952485241024002390231023002290221021952185210520952080281527502740268526752620260525502540
0402442010245400203500500204500010437001048728552605251525052495241524052395232023052295221522052195211521052090282027552745269026802625261525552545
0402454010246600204500500205500010488001053828602610252025102500242524152405232523152305222522152200212521102100282527602750269526852630262025652550
0402466010247800205500500206500010539001059028652620252525152505243024202410233523252310223522202210213021202110283027652755270026902635262525702560
0402478010249000206500500207500010591001064128702625253525252515244024302415234023302320224022302220214021302115283527702760270526952640263025752565
0402490010250200207500500208500010642001069228752630254025302520244524352425235023352325225022402225215021352125284027752765271527002650263525802570
0402502010251400208500500209500010693001074428802635254525352525245024402430235523452335225522452235215521452135284527802770272027102655264525902575
0402514010252600209500500210500010745001079528852640255025402530246024502440236523502340226522552240216521552140285027852775272527152660265025952585
0402526010253800210500500211500010796001084628902650256025502540246524552445237023602350227022602250217521602150285527902780273027202665265526002590
0402538010255000211500500212500010847001089728952655256525552545247024602450237523652355228022702260218021702160286028002790273527252670266026052595
0402550010256200212500500213500010898001094929002660257025602550248024702460238523752365229022752265219021802165286528052795274027302675266526152600
0402562010257400213500500214500010950001100029052665257525702560248524752465239023802370229522852275219521852175287028102800274527352685267026202610
0402574010258600214500500215500011001001105129102670258525752565249024802470240023902375230022902280220521952180287528152805275027402690268026252615
0402586010259800215500500216500011052001110329152675259025802570250024902480240523952385231023002290221522002190288028202810275527452695268526302620
0402598010261000216500500217500011104001115429202685259525852575250524952485241024002390231523052295222022102200288028252815276027502700269026352625
0402610010262200217500500218500011155001120529252690260025902580251025002490242024102400232523152300223022152205288528302820276527552705269526402630
0402622010263400218500500219500011206001125629302695260526002590252025102500242524152405233023202310223522252215289028352825277027602710270026502635
0402634010264600219500500220500011257001130829352700261526052595252525152505243024202410234023302315224522302220289528402830278027702715270526552645
0402646010265800220500500221500011309001135929352705262026102600253025202510244024302420234523352325225022402230290028452835278527752720271026602650
0402658010267000221500500222500011360001141029402710262526152605253525252515244524352425235023402330226022452235290528452840278527802725271526652655
0402670010268200222500500223500011411001146229452715263026202610254525352525245024402430236023502340226522552245291028502845279527852730272026702660
0402682010269400223500500224500011463001151329502720263526252620255025402530246024502440236523552345227522602250291528552850280027902735272526752665
0402694010270600224500500225500011514001156429552725264026352625255525452535246524552445237523652355228022702260292028602850280527952745273526802670
0402706010271800225500500226500011565001161529602730265026402630256025502540247024602450238023702360229022752265292528652855281028002750274026852675
0402718010273000226500500227500011616001166729652735265526452635256525602550248024702460238523752365229522852275293028702860281528052755274526952685
0402730010274200227500500228500011668001171829702740266026502640257525652555248524752465239523852375230022902280293028752865281528102760275027002690
0402742010275400228500500229500011719001176929702745266526552645258025702560249024802470240023902380231023002290293528802870282028152765275527052695
0402754010276600229500500230500011770001182129752750267026602650258525752565249524852475240523952385231523052295294028852875282528202770276027102700
0402766010277800230500500231500011822001187229802760267526652660259025802570250524952485241524052395232523152300294528902880283028252775276527152705
0402778010279000231500500232500011873001192329852765268026702665259525852575251025002490242024102400233023202310295028952885283528252780277027202710
0402790010280200232500500233500011924001197429902770268526802670260025952585251525052495242524152405233523252315295529002890284028302785277527252715
0402802010281400233500500234500011975001202629952775269026852675261026002590252025102500243524252415234523352325296029052895284528352790278027302720
0402814010282600234500500235500012027001207729952780269526902680261526052595252525152510244024302420235023402330296029052900285028402795278527352725
0402826010283800235500500236500012078001212830002785270026952685262026102600253525252515244524352425235523452335296529102905285528452800279027402730
0402838010285000236500500237500012129001217930052790271027002690262526152605254025302520245024402430236523552345297029152905286028502805279527452735
0402850010286200237500500238500012180001223130102790271527052695263026202610254525352525246024502440237023602350297529202910286528552810280027502740
0402862010287400238500500239500012232001228230152795272027102700263526252615255025402530246524552445237523652355298029252915287028602815280527552745
0402874010288600239500500240500012283001233330202800272527152705264026302625255525452540247024602450238523752365298529302920287528652820281027602750
0402886010289800240500500241500012334001238530202805273027202710264526352630256025552545247524652455239023802370298529352925288028702820281027652755
0402898010291000241500500242500012386001243630252810273527252715265026452635257025602550248524752465239523852375299029352930288028752825281527702760
0402910010292200242500500243500012437001248730302815274027302720265526502640257525652555249024802470240523952385299529402935288528802830282027752765
0402922010293400243500500244500012488001253830352820274527352725266526552645258025702560249524852475241024002390300029452935289028802835282527802770
0402934010294600244500500245500012539001259030352825275027402730267026602650258525752565250024902480241524052395300029502940289528852840283027852775
0402946010295800245500500246500012591001264130402830275527452735267526652655259025802570250524952490242024102400300529552945290028902845283527902780
0402958010297000246500500247500012642001269230452835276027502740268026702660259525852580251525052495243024202410301029602950290528952850284027952785
0402970010298200247500500248500012693001274430502840276527552745268526752665260025902585252025102500243524252415301529602955291029002855284528002790
0402982010299400248500500249500012745001279530502845276527602750269026802670260526002590252525152505244024302420302029652960291529052860285028052795
0402994010300600249500500250500012796001284630552850277027652755269526852675261526052595253025202510244524352425302029702960291529102865285528102800
0403006010301800250500500251500012847001289730602855277527702760270026902680262026102600253525252515245024402435302529752965292029102865286028152805
0403018010303000251500500252500012898001294930652855278027752765270526952685262526152605254025302525246024502440303029802970292529152870286528152810
0403030010304200252500500253500012950001300030652860278527802770271027002690263026202610254525402530246524552445303529802975293029202875286528202810
0403042010305400253500500254500013001001305130702865279027852775271527052695263526252615255525452535247024602450303529852980293529252880287028252815
0403054010306600254500500255500013052001310330752870279527852780272027102700264026302620256025502540247524652455304029902980293529302885287528302820
0403066010307800255500500256500013104001315430802875280027902785272527152705264526352625256525552545248024702465304529952985294029352890288028352825
0403078010309000256500500257500013155001320530802880280527952790273027202710265026402630257025602550248524802470304529952990294529352895288528402830
0403090010310200257500500258500013206001325630852885281028002795273527252715265526452635257525652555249524852475305030002995295029402895289028452835
0403102010311400258500500259500013257001330830902885281528052800274027302720266026502640258025702560250024902480305530052995295529452900289528502840
0403114010312600259500500260500013309001335930902890282028102800274527352725266526552645258525752565250524952485306030103000296029502905289528552845
0403126010313800260500500261500013360001341030952895282528152805274527402730267026602650259025802575251025002490306030103005296029552910290028552850
0403138010315000261500500262500013411001346231002900282528202810275027452735267526652655259525852580251525052495306530153010296529552915290528602850
0403150010316200262500500263500013463001351331002905283028252815275527502740268026702660260025902585252025102505307030203010297029602920291028652855
0403162010317400263500500264500013514001356431052910283528302820276027552745268526752665260525952590252525202510307030253015297529652920291528702860
0403174010318600264500500265500013565001361531102910284028302825276527602750269026802670261026052595253025252515307530253020297529702925291528752865
0403186010319800265500500266500013616001366731102915284528352830277027602755269526852675261526102600254025302520308030303025298029702930292028802870
0403198010321000266500500267500013668001371831152920285028402835277527652760270026902680262026152605254525352525308530353025298529752935292528802875
0403210010322200267500500268500013719001376931202925285528452840278027702765270526952685262526202610255025402530308530403030299029802940293028852880
0403222010323400268500500269500013770001382131202930285528502840278527752765271027002690263026252615255525452535309030403035299029852940293528902880
0403234010324600269500500270500013822001387231252930286028552845279027802770271527052695263526302620256025502540309030453035299529852945293528952885
0403246010325800270500500271500013873001392331302935286528602850279527852775272027102700264026352625256525552545309530503040300029902950294029002890
0403258010327000271500500272500013924001397431302940287028602855279527902780272527152705264526402630257025602550310030503045300529952955294529052895
0403270010328200272500500273500013975001402631352945287528652860280027952785272527202710265026452635257525652555310030553050300530002955295029052900
0403282010329400273500500274500014027001407731402945288028702865280528002790273027252715265526502640258025702560310530603050301030002960295029102900
0403294010330600274500500275500014078001412831402950288028752865281028002795273527302720266026552645258525752565311030603055301530052965295529152905
0403306010331800275500500276500014129001417931452955288528802870281528052800274027352725266526602650259025802570311030653060301530102970296029202910
0403318010333000276500500277500014180001423131502960289028802875282028102805274527352730267026602655259525852580311530703060302030152970296529202915
0403330010334200277500500278500014232001428231502960289528852880282528152805275027402735267526652660260025902585312030703065302530152975296529252920
0403342010335400278500500279500014283001433331552965290028902885282528202810275527452740268026702665260525952590312030753070303030202980297029302920
0403354010336600279500500280500014334001438531552970290028952885283028252815276027502745268526752670261026002595312530803070303030252985297529352925
0403366010337800280500500281500014386001443631602975290529002890283528302820276527552745269026802675261526052600313030803075303530252985298029402930
0403378010339000281500500282500014437001448731652975291029002895284028302825277027602750269526852680262026102605313030853080304030302990298029402935
0403390010340200282500500283500014488001453831652980291529052900284528352830277027652755270026902680262526152610313530903080304030352995298529452935
0403402010341400283500500284500014539001459031702985291529102905285028402830277527702760270526952685263026202615313530903085304530352995299029502940
0403414010342600284500500285500014591001464131702990292029152905285028452835278027752765271027002690263526252620314030953090305030403000299529552945
0403426010343800285500500286500014642001469231752990292529202910285528502840278527752770271527052695264026302620314531003090305030453005299529552950
0403438010345000286500500287500014693001474431802995293029202915286028502845279027802775271527102700264526352625314531003095305530453010300029602950
0403450010346200287500500288500014745001479531803000293529252920286528552850279527852780272027152705265026402630315031053095306030503010300529652955
0403462010347400288500500289500014796001484631853000293529302920287028602855280027902780272527202710265526452635315031053100306030553015300529652960
0403474010348600289500500290500014847001489731853005294029352925287028652855280027952785273027202715266026502640315531103105306530553020301029702965
0403486010349800290500500291500014898001494931903010294529352930287528702860280528002790273527252720266526552645316031153105307030603020301529752965
0403498010351000291500500292500014950001500031953010294529402935288028702865281028002795274027302725266526602650316031153110307030653025301529802970
0403510010352200292500500293500015001001505131953015295029452935288528752870281528052800274527352730267026652655316531203115307530653030302029802975
0403522010353400293500500294500015052001510332003020295529502940288528802875282028102805275027402730267526702660316531253115308030703030302529852975
0403534010354600294500500295500015104001515432003025296029502945289028852875282528152805275527452735268026752665317031253120308030753035302529902980
0403546010355800295500500296500015155001520532053025296029552945289528852880282528202810275527502740268526752670317031303120308530753040303029902985
0403558010357000296500500297500015206001525632053030296529602950290028902885283028252815276027552745269026802675317531303125308530803040303529952985
0403570010358200297500500298500015257001530832103030297029602955290028952890283528252820276527552750269526852680318031353130309030853045303530002990
0403582010359400298500500299500015309001535932153035297029652960290529002890284028302825277027602755270026902685318031403130309530853050304030002995
0403594010360600299500500300500015360001541032153040297529702960291029052895284028352825277527652760270526952685318531403135309530903050304530053000
0403606010361800300500500301500015411001546232203040298029702965291529052900284528402830278027702760271027002690318531453135310030953055304530103000
0403618010363000301500500302500015463001551332203045298529752970292029102905285028452835278027752765271027052695319031453140310530953060305030153005
0403630010364200302500500303500015514001556432253050298529802970292029152905285528452840278527802770271527102700319031503145310531003060305530153010
0403642010365400303500500304500015565001561532253050299029852975292529152910286028502845279027802775272027152705319531503145311031003065305530203010
0403654010366600304500500305500015616001566732303055299529852980293029202915286028552845279527852780272527152710320031553150311031053065306030203015
0403666010367800305500500306500015668001571832303060299529902985293029252915286528602850280027902785273027202715320031603150311531103070306530253020
0403678010369000306500500307500015719001576932353060300029952985293529302920287028602855280027952785273527252720320531603155312031103075306530303020
0403690010370200307500500308500015770001582132353065300529952990294029302925287528652860280528002790274027302720320531653155312031153075307030303025
0403702010371400308500500309500015822001587232403070300530002995294529352930287528702860281028002795274027352725321031653160312531153080307530353030
0403714010372600309500500310500015873001592332403070301030052995294529402930288028752865281528052800274527402730321031703165312531203085307530403030
0403726010373800310500500311500015924001597432453075301530053000295029402935288528752870282028102800275027402735321531703165313031203085308030403035
0403738010375000311500500312500015975001602632453075301530103005295529452940289028802875282028152805275527452740321531753170313531253090308030453035
0403750010376200312500500313500016027001607732503080302030153005295529502940289028852875282528202810276027502745322031803170313531303090308530503040
0403762010377400313500500314500016078001612832553085302530153010296029552945289528902880283028202815276027552745322031803175314031303095309030503045
0403774010378600314500500315500016129001617932553085302530203015296529552950290028902885283528252820276527602750322531853175314031353100309030553045
0403786010379800315500500316500016180001623132603090303030253015296529602955290528952890283528302820277027652755322531853180314531353100309530603050
0403798010381000316500500317500016232001628232603090303030253020297029652955290529002890284028352825277527652760323031903180314531403105309530603055
0403810010382200317500500318500016283001633332653095303530303020297529652960291029002895284528352830278027702765323031903185315031453105310030653055
0403822010383400318500500319500016334001638532653100304030303025297529702965291529052900285028402835278027752765323531953185315031453110310530653060
0403834010384600319500500320500016386001643632703100304030353030298029752965291529102900285028452835278527802770323531953190315531503115310530703060
0403846010385800320500500321500016437001648732703105304530403030298529752970292029152905285528502840279027852775324032003195316031503115311030753065
0403858010387000321500500322500016488001653832753105305030403035298529802975292529152910286028502845279527852780324032003195316031553120311030753070
0403870010388200322500500323500016539001659032753110305030453040299029852975292529202915286528552850280027902785324532053200316531553120311530803070
0403882010389400323500500324500016591001664132753115305530503040299529852980293029252915286528602850280027952785324532053200316531603125311530803075
0403894010390600324500500325500016642001669232803115305530503045299529902985293529252920287028652855280528002790325032103205317031603125312030853075
0403906010391800325500500326500016693001674432803120306030553045300029952985293529302925287528652860281028002795325032103205317031653130312530903080
0403918010393000326500500327500016745001679532853120306530553050300529952990294029352925287528702865281528052800325532153210317531703135312530903085
0403930010394200327500500328500016796001684632853125306530603055300530002995294529352930288028752865281528102800325532153210317531703135313030953085
0403942010395400328500500329500016847001689732903125307030653055301030052995295029402935288528752870282028152805326032203215318031753140313030953090
0403954010396600329500500330500016898001694932903130307030653060301030053000295029452935289028802875282528152810326032203215318031753140313531003090
0403966010397800330500500331500016950001700032953130307530703060301530103000295529452940289028852875283028202815326532253220318531803145313531003095
0403978010399000331500500332500017001001705132953135308030703065302030103005295529502945289528902880283028252815326532253220318531803145314031053100
0403990010400200332500500333500017052001710333003140308030753070302030153010296029552945290028902885283528302820327032303225319031853150314031103100
0404002010401400333500500334500017104001715433003140308530803070302530203010296529552950290028952890284028302825327032303225319531853150314531103105
0404014010402600334500500335500017155001720533053145308530803075303030203015296529602955290529002890284528352830327532353230319531903155315031153105
0404026010403800335500500336500017206001725633053145309030853075303030253020297029652955291029002895284528402830327532353230320031903155315031153110
0404038010405000336500500337500017257001730833103150309030853080303530253020297529652960291029052900285028402835328032403235320031953160315531203110
0404050010406200337500500338500017309001735933103150309530903085303530303025297529702965291529102900285528452840328032403235320531953165315531203115
0404062010407400338500500339500017360001741033153155310030903085304030353025298029752965292029102905285528502840328532453240320532003165316031253120
0404074010408600339500500340500017411001746233153155310030953090304530353030298529752970292029152910286028552845328532453240321032003170316031253120
0404086010409800340500500341500017463001751333153160310531003090304530403035298529802975292529202910286528552850328532503245321032053170316531303125
0404098010411000341500500342500017514001756433203160310531003095305030403035299029852975293029202915286528602855329032503245321532053175316531353125
0404110010412200342500500343500017565001761533203165311031053095305030453040299529852980293029252920287028652855329032553250321532103175317031353130
0404122010413400343500500344500017616001766733253165311031053100305530503040299529902980293529302920287528652860329532553250322032103180317031403130
0404134010414600344500500345500017668001771833253170311531103105305530503045300029902985294029302925288028702865329532603255322032153180317531403135
0404146010415800345500500346500017719001776933303170312031103105306030553050300029952990294029352930288028752865330032603255322532153185317531453135
0404158010417000346500500347500017770001782133303175312031153110306530553050300530002990294529402930288528802870330032653255322532203185318031453140
0404170010418200347500500348500017822001787233303180312531153110306530603055301030002995295029402935289028802875330532653260322532203190318031503140
0404182010419400348500500349500017873001792333353180312531203115307030653055301030053000295029452940289028852875330532703260323032253190318531503145
0404194010420600349500500350500017924001797433353185313031253115307030653060301530103000295529502940289528902880330532703265323032253195318531553150
0404206010421800350500500351500017975001802633403185313031253120307530703060301530103005296029502945290028902885331032703265323532303195319031553150
0404218010423000351500500352500018027001807733403190313531303120307530703065302030153005296029552950290028952885331032753270323532303200319031603155
0404230010424200352500500353500018078001812833453190313531303125308030753070302530153010296529552950290529002890331532753270324032353200319531603155
0404242010425400353500500354500018129001817933453195314031353125308530753070302530203015296529602955291029002895331532803275324032353205319531653160
0404254010426600354500500355500018180001823133453195314031353130308530803075303030203015297029652955291029052895332032803275324532403205320031653160
0404266010427800355500500356500018232001828233503200314531403135309030853075303030253020297529652960291529102900332032853280324532403210320031703165
0404278010429000356500500357500018283001833333503200314531403135309030853080303530303020297529702965292029102905332032853280325032453210320531703165
0404290010430200357500500358500018334001838533553200315031453140309530903080303530303025298029752965292029152905332532903280325032453215320531753170
0404302010431400358500500359500018386001843633553205315031453140309530903085304030353025298029752970292529152910332532903285325532453215321031753170
0404314010432600359500500360500018437001848733603205315531503145310030953085304530353030298529802970292529202915333032903285325532503220321031803175
0404326010433800360500500361500018488001853833603210315531503145310030953090304530403035299029802975293029252915333032953290326032503220321531803175
0404338010435000361500500362500018539001859033603210316031553150310531003095305030453035299029852980293529252920333032953290326032553225321531853180
0404350010436200362500500363500018591001864133653215316031553150311031003095305030453040299529902980293529302925333533003295326032553225322031853180
0404362010437400363500500364500018642001869233653215316531603155311031053100305530503040300029902985294029352925333533003295326532603225322031903185
0404374010438600364500500365500018693001874433703220316531603155311531053100305530503045300029952985294529352930334033053295326532603230322531903185
0404386010439800365500500366500018745001879533703220317031653160311531103105306030553045300529952990294529402935334033053300327032653230322531953190
0404398010441000366500500367500018796001884633703225317031653160312031103105306530553050300530002995295029402935334533053300327032653235323031953190
0404410010442200367500500368500018847001889733753225317531703165312031153110306530603055301030052995295029452940334533103305327532653235323032003195
0404422010443400368500500369500018898001894933753230317531703165312531153110307030603055301030053000295529502940334533103305327532703240323532003195
0404434010444600369500500370500018950001900033803230318031753170312531203115307030653060301530103000296029502945335033153310328032703240323532053200
0404446010445800370500500371500019001001905133803235318031753170313031203115307530653060302030103005296029552950335033153310328032753245323532053200
0404458010447000371500500372500019052001910333803235318531803175313031253120307530703065302030153010296529552950335033203310328032753245324032103200
0404470010448200372500500373500019104001915433853240318531803175313531303120308030753065302530153010296529602955335533203315328532803250324032103205
0404482010449400373500500374500019155001920533853240319031853180313531303125308030753070302530203015297029652955335533203315328532803250324532153205
0404494010450600374500500375500019206001925633853240319031853180314031353125308530803070303030253015297529652960336033253320329032853250324532153210
0404506010451800375500500376500019257001930833903245319531903185314031353130308530803075303030253020297529702965336033253320329032853255325032203210
0404518010453000376500500377500019309001935933903245319531903185314531403130309030853080303530303020298029752965336033303320329532853255325032203215
0404530010454200377500500378500019360001941033953250320031953185314531403135309030853080303530303025298029752970336533303325329532903260325532203215
0404542010455400378500500379500019411001946233953250320031953190315031453135309530903085304030353030298529802970336533303325329532903260325532253220
0404554010456600379500500380500019463001951333953255320532003190315031453140310030903085304530353030299029802975337033353330330032953265325532253220
0404566010457800380500500381500019514001956434003255320532003195315531503140310030953090304530403035299029852980337033353330330032953265326032303225
0404578010459000381500500382500019565001961534003260321032003195315531503145310530953090305030403035299529852980337033403330330532953265326032303225
0404590010460200382500500383500019616001966734003260321032053200316031553145310531003095305030453040299529902985337533403335330533003270326532353230
0404602010461400383500500384500019668001971834053260321032053200316031553150311031003095305530503040300029952985337533403335330533003270326532353230
0404614010462600384500500385500019719001976934053265321532103205316531553150311031053100305530503045300029952990337533453340331033053275327032403230
0404626010463800385500500386500019770001982134053265321532103205316531603155311531053100306030553045300530002990338033453340331033053275327032403235
0404638010465000386500500387500019822001987234103270322032153210317031603155311531103105306030553050300530002995338033453340331533053280327032403235
0404650010466200387500500388500019873001992334103270322032153210317031653160312031103105306530603050301030053000338533503345331533103280327532453240
0404662010467400388500500389500019924001997434153270322532203215317531653160312031153110306530603055301530053000338533503345331533103280327532453240
0404674010468600389500500390500019975002002634153275322532203215317531703165312531153110307030653060301530103005338533553350332033153285328032503245
0404686010469800390500500391500020027002007734153275323032253215317531703165312531203115307030653060302030103005339033553350332033153285328032503245
0404698010471000391500500392500020078002012834203280323032253220318031753170313031203115307530703065302030153010339033553350332533153290328032553245
0404710010472200392500500393500020129002017934203280323032253220318031753170313031253120307530703065302530203010339033603355332533203290328532553250
0404722010473400393500500394500020180002023134203285323532303225318531803175313531253120308030753070302530203015339533603355332533203290328532553250
0404734010474600394500500395500020232002028234253285323532303225318531803175313531303125308530753070303030253015339533653355333033253295329032603255
0404746010475800395500500396500020283002033334253285324032353230319031853180314031303125308530803075303030253020339533653360333033253295329032603255
0404758010477000396500500397500020334002038534253290324032353230319031853180314031353130309030803075303530303025340033653360333533253300329532653260
0404770010478200397500500398500020386002043634303290324532403235319531903180314531353130309030853080303530303025340033703365333533303300329532653260
0404782010479400398500500399500020437002048734303295324532403235319531903185314531403135309530853080304030353030340033703365333533303300329532703260
0404794010480600399500500400500020488002053834303295324532403235320031903185314531403135309530903085304530353030340533703365334033353305330032703265
0404806010481800400500500401500020539002059034353295325032453240320031953190315031453140310030903085304530403035340533753370334033353305330032703265
0404818010483000401500500402500020591002064134353300325032453240320031953190315031453140310030953090305030403035340533753370334033353310330532753270
0404830010484200402500500403500020642002069234353300325532503245320532003195315531503145310530953090305030453040341033753370334533403310330532753270
0404842010485400403500500404500020693002074434403305325532503245320532003195315531503145310531003095305530453040341033803375334533403310330532803270
0404854010486600404500500405500020745002079534403305326032553250321032053200316031553150311031003095305530503045341533803375335033403315331032803275
0404866010487800405500500406500020796002084634403305326032553250321032053200316031553150311031053100306030503045341533803375335033453315331032803275
0404878010489000406500500407500020847002089734453310326032553250321532103205316531603150311031053100306030553050341533853380335033453320331032853280
0404890010490200407500500408500020898002094934453310326532603255321532103205316531603155311531103105306530553050342033853380335533503320331532853280
0404902010491400408500500409500020950002100034453315326532603255322032103205317031603155311531103105306530603055342033903385335533503320331532903285
0404914010492600409500500410500021001002105134503315327032653260322032153210317031653160312031153110307030603055342033903385335533503325332032903285
0404926010493800410500500411500021052002110334503315327032653260322032153210317531653160312031153110307030653060342533903385336033553325332032903285
0404938010495000411500500412500021104002115434503320327032653260322532203215317531703165312531203115307530653060342533953390336033553330332032953290
0404950010496200412500500413500021155002120534553320327532703265322532203215317531703165312531203115307530703065342533953390336033553330332532953290
0404962010497400413500500414500021206002125634553320327532703265323032253220318031753170313031253120308030703065342533953390336533603330332533003290
0404974010498600414500500415500021257002130834553325328032753270323032253220318031753170313031253120308030753070343034003395336533603335333033003295
0404986010499800415500500416500021309002135934603325328032753270323532253220318531803175313531303125308530753070343034003395337033603335333033003295
0404998010501000416500500417500021360002141034603330328032753270323532303225318531803175313531303125308530803075343034003395337033653335333033053300
0405010010502200417500500418500021411002146234603330328532803275323532303225319031853175314031353125309030803075343534053400337033653340333533053300
0405022010503400418500500419500021463002151334653330328532803275324032353230319031853180314031353130309030853080343534053400337533703340333533103300
0405034010504600419500500420500021514002156434653335329032853280324032353230319031853180314531353130309530853080343534053400337533703340333533103305
0405046010505800420500500421500021565002161534653335329032853280324532403230319531903185314531403135309530903085344034103405337533703345334033103305
0405058010507000421500500422500021616002166734703335329032853280324532403235319531903185315031403135310030903085344034103405338033753345334033153310
0405070010508200422500500423500021668002171834703340329532903285324532403235320031953190315031453140310030953090344034103405338033753350334033153310
0405082010509400423500500424500021719002176934703340329532903285325032453240320031953190315031453140310530953090344534153410338033753350334533153310
0405094010510600424500500425500021770002182134753345330032953290325032453240320532003195315531503145310531003095344534153410338533803350334533203315
0405106010511800425500500426500021822002187234753345330032953290325532503245320532003195315531503145310531003095344534153410338533803355335033203315
0405118010513000426500500427500021873002192334753345330032953290325532503245320532003195316031553150311031053100345034203415338533803355335033253315
0405130010514200427500500428500021924002197434753350330533003295325532503245321032053200316031553150311031053100345034203415339033853355335033253320
0405142010515400428500500429500021975002202634803350330533003295326032553250321032053200316531603150311531103105345034203415339033853360335533253320
0405154010516600429500500430500022027002207734803350330533003295326032553250321532103205316531603155311531103105345534253420339033853360335533303325
0405166010517800430500500431500022078002212834803355331033053300326532603255321532103205317031603155312031153110345534253420339533903360335533303325
0405178010519000431500500432500022129002217934853355331033053300326532603255322032153205317031653160312031153110345534253420339533903365336033303325
0405190010520200432500500433500022180002223134853355331533103305326532603255322032153210317031653160312531203110345534253425339533903365336033353330
0405202010521400433500500434500022232002228234853360331533103305327032653260322032153210317531703165312531203115346034303425340033953365336033353330
0405214010522600434500500435500022283002233334903360331533103305327032653260322532203215317531703165313031203115346034303425340033953370336533353330
0405226010523800435500500436500022334002238534903360332033153310327532703265322532203215318031753170313031253120346034303425340033953370336533403335
0405238010525000436500500437500022386002243634903365332033153310327532703265323032253220318031753170313031253120346534353430340534003370336533403335
0405250010526200437500500438500022437002248734903365332033153310327532703265323032253220318531753170313531303125346534353430340534003375337033453335
0405262010527400438500500439500022488002253834953365332533203315328032753270323032253220318531803175313531303125346534353430340534003375337033453340
0405274010528600439500500440500022539002259034953370332533203315328032753270323532303225318531803175314031353130347034403435341034053375337033453340
0405286010529800440500500441500022591002264134953370332533203320328032753270323532303225319031853180314031353130347034403435341034053380337533503340
0405298010531000441500500442500022642002269235003370333033253320328532803275324032353230319031853180314531403135347034403435341034053380337533503345
0405310010532200442500500443500022693002274435003375333033253320328532803275324032353230319531903185314531403135347034453440341534103380337533503345
0405322010533400443500500444500022745002279535003375333033303325329032853280324032353230319531903185315031403135347534453440341534103385338033553350
0405334010534600444500500445500022796002284635003375333533303325329032853280324532403235319531903185315031453140347534453440341534103385338033553350
0405346010535800445500500446500022847002289735053380333533303325329032853280324532403235320031953190315031453140347534503445342034153385338033553350
0405358010537000446500500447500022898002294935053380334033353330329532903285325032453240320031953190315531503145348034503445342034153390338533603355
0405370010538200447500500448500022950002300035053380334033353330329532903285325032453240320532003195315531503145348034503445342034153390338533603355
0405382010539400448500500449500023001002305135103385334033353330329532903285325032453240320532003195316031553150348034503445342034153390338533603355
0405394010540600449500500450500023052002310335103385334533403335330032953290325532503245321032003195316031553150348034553450342534203395339033653360
0405406010541800450500500451500023104002315435103385334533403335330032953290325532503245321032053200316531603150348534553450342534203395339033653360
0405418010543000451500500452500023155002320535103390334533403335330533003295326032553250321032053200316531603155348534553450342534203395339033653360
0405430010544200452500500453500023206002325635153390335033453340330533003295326032553250321532103205316531603155348534603455343034253400339533703365
0405442010545400453500500454500023257002330835153390335033453340330533003295326032553250321532103205317031653160349034603455343034253400339533703365
0405454010546600454500500455500023309002335935153395335033453340331033053300326532603255322032103205317031653160349034603455343034253400339533703365
0405466010547800455500500456500023360002341035203395335533503345331033053300326532603255322032153210317531703165349034603460343534303405340033753370
0405478010549000456500500457500023411002346235203395335533503345331033053300326532603255322032153210317531703165349034653460343534303405340033753370
0405490010550200457500500458500023463002351335203400335533503345331533103305327032653260322532203215318031703165349534653460343534303405340033753370
0405502010551400458500500459500023514002356435203400336033553350331533103305327032653260322532203215318031753170349534653460344034353410340533803375
0405514010552600459500500460500023565002361535253400336033553350331533103305327032653260322532203215318031753170349534703465344034353410340533803375
0405526010553800460500500461500023616002366735253405336033553350332033153310327532703265323032253220318531803175349534703465344034353410340533803375
0405538010555000461500500462500023668002371835253405336533603355332033153310327532703265323032253220318531803175350034703465344034353415341033853380
0405550010556200462500500463500023719002376935253405336533603355332033153310328032753270323532303225319031803175350034703470344534403415341033853380
0405562010557400463500500464500023770002382135303405336533603355332533203315328032753270323532303225319031853180350034753470344534403415341033853380
0405574010558600464500500465500023822002387235303410337033653360332533203315328032753270323532303225319031853180350534753470344534403415341033903385
0405586010559800465500500466500023873002392335303410337033653360332533253320328532803275324032353230319531903185350534753470345034453420341533903385
0405598010561000466500500467500023924002397435303410337033653360333033253320328532803275324032353230319531903185350534803475345034453420341533903385
0405610010562200467500500468500023975002402635353415337533703365333033253320328532803275324532403235320031903185350534803475345034453420341533903385
0405622010563400468500500469500024027002407735353415337533703365333033303325329032853280324532403235320031953190351034803475345034453425342033953390
0405634010564600469500500470500024078002412835353415337533703365333533303325329032853280324532403235320031953190351034803475345534503425342033953390
0405646010565800470500500471500024129002417935353420338033753370333533303325329032903285325032453240320532003195351034853480345534503425342033953390
0405658010567000471500500472500024180002423135403420338033753370333533353330329532903285325032453240320532003195351034853480345534503430342534003395
0405670010568200472500500473500024232002428235403420338033753370334033353330329532903285325032453240321032003195351534853480346034553430342534003395
0405682010569400473500500474500024283002433335403420338033803375334033353330330032953290325532503245321032053200351534853485346034553430342534003395
0405694010570600474500500475500024334002438535403425338533803375334033403335330032953290325532503245321032053200351534903485346034553430342534053400
0405706010571800475500500476500024386002443635453425338533803375334533403335330032953290326032553250321532103205351534903485346034553435343034053400
0405718010573000476500500477500024437002448735453425338533853380334533403335330533003295326032553250321532103205352034903485346534603435343034053400
0405730010574200477500500478500024488002453835453430339033853380334533453340330533003295326032553250321532103205352034953490346534603435343034103405
0405742010575400478500500479500024539002459035503430339033853380335033453340330533003295326532603255322032153210352034953490346534603440343534103405
0405754010576600479500500480500024591002464135503430339033853385335033453340331033053300326532603255322032153210352034953490347034653440343534103405
0405766010577800480500500481500024642002469235503435339533903385335033453345331033053300326532603255322532203215352534953490347034653440343534103405
0405778010579000481500500482500024693002474435503435339533903385335533503345331033053300327032653260322532203215352535003495347034653440343534153410
0405790010580200482500500483500024745002479535553435339533903390335533503345331533103305327032653260322532203215352535003495347034653445344034153410
0405802019999999483500599999990024796999999935553435340033953390335533503350331533103305327032653260323032253220352535003495347534703445344034153410
