0600000000019200015500500016000000000000082100000000000000000000000000000000000000000000000000000000000000000000000000000000000000000000000000000000
0600192010019800016000500016500000822000084600000000000000000000000000000000000000000000000000000000000000000000000000000000000000000000000000000000
0600198010020400016500500017000000847000087200000000000000000000000000000000000000000000000000000000000000000000003500000000000000000000000000000000
0600204010021000017000500017500000873000089700000000000000000000000000000000000000000000000000000000000000000000008000000000000000000000000000000000
0600210010021600017500500018000000898000092300100000000000000000000000000000000000000000000000000000000000000000012000000000000000000000000000000000
0600216010022200018000500018500000924000094900550000000000000000000000000000000000000000000000000000000000000000016500000000000000000000000000000000
0600222010022800018500500019000000950000097400950000000000000000000000000000000000000000000000000000000000000000020500000000000000000000000000000000
0600228010023400019000500019500000975000100001350000000000000000000000000000000000000000000000000000000000000000024000000000000000000000000000000000
0600234010024000019500500020000001001000102601750000000000000000000000000000000000000000000000000000000000000000027500000000000000000000000000000000
0600240010024600020000500020500001027000105102100000000000000000000000000000000000000000000000000000000000000000031000150000000000000000000000000000
0600246010025200020500500021000001052000107702450000000000000000000000000000000000000000000000000000000000000000034000550000000000000000000000000000
0600252010025800021000500021500001078000110302900000000000000000000000000000000000000000000000000000000000000000037500900000000000000000000000000000
0600258010026400021500500022000001104000112803250000000000000000000000000000000000000000000000000000000000000000040501300030000000000000000000000000
0600264010027000022000500022500001129000115403550000000000000000000000000000000000000000000000000000000000000000043501650065000000000000000000000000
0600270010027600022500500023000001155000117903900000000000000000000000000000000000000000000000000000000000000000046002000105000000000000000000000000
0600276010028200023000500023500001180000120504200000000000000000000000000000000000000000000000000000000000000000049002300140000000000000000000000000
0600282010028800023500500024000001206000123104450000000000000000000000000000000000000000000000000000000000000000051502650170000000000000000000000000
0600288010029400024000500024500001232000125604750000000000000000000000000000000000000000000000000000000000000000054002950205003000000000000000000000
0600294010030000024500500025000001257000128205050000000000000000000000000000000000000000000000000000000000000000056503250235006500000000000000000000
0600300010030600025000500025500001283000130805300000000000000000000000000000000000000000000000000000000000000000059003500265010000100000000000000000
0600306010031200025500500026000001309000133305550000000000000000000000000000000000000000000000000000000000000000061503800295013000450000000000000000
0600312010031800026000500026500001334000135905800000000000000000000000000000000000000000000000000000000000000000063504050325016500750000000000000000
0600318010032400026500500027000001360000138506050000000000000000000000000000000000000000000000000000000000000000066004350350019501100000000000000000
0600324010033000027000500027500001386000141006300000000000000000000000000000000000000000000000000000000000000000068004600380022501400000000000000000
0600330010033600027500500028000001411000143606500000000000000000000000000000000000000000000000000000000000000000070004850405025001700010000000000000
0600336010034200028000500028500001437000146206750000000000000000000000000000000000000000000000000000000000000000072005050430028002000045000000000000
0600342010034800028500500029000001463000148706950000000000000000000000000000000000000000000000000000000000000000074005300455030502300075000000000000
0600348010035400029000500029500001488000151307150000000000000000000000000000000000000000000000000000000000000000076005500480033502550105002500000000
0600354010036000029500500030000001514000153807350000000000000000000000000000000000000000000000000000000000000000077505750500036002800135005500000000
0600360010036600030000500030500001539000156407550000000000000000000000000000000000000000000000000000000000000000079505950525038503100165008500000000
0600366010037200030500500031000001565000159007750000000000000000000000000000000000000000000000000000000000000000081006150545041003350190011500000000
0600372010037800031000500031500001591000161507950000000000000000000000000000000000000000000000000000000000000000083006350565043003600215014000000000
0600378010038400031500500032000001616000164108100000000000000000000000000000000000000000000000000000000000000000084506550585045503800245017000250000
0600384010039000032000500032500001642000166708300000000000000000000000000000000000000000000000000000000000000000086006750605047504050270019500550000
0600390010039600032500500033000001668000169208450005000000000000000000000000000000000000000000000000000000000000088006950625049504250295022000800010
0600396010040200033000500033500001693000171808650030000000000000000000000000000000000000000000000000000000000000089507100645052004500315024501100035
0600402010040800033500500034000001719000174408800050000000000000000000000000000000000000000000000000000000000000091007300665054004700340027001350065
0600408010041400034000500034500001745000176908950080000000000000000000000000000000000000000000000000000000000000093007450685056004900365029501600090
0600414010042000034500500035000001770000179509100100000000000000000000000000000000000000000000000000000000000000094507650700058005100385031501850115
0600420010042600035000500035500001796000182109250125000000000000000000000000000000000000000000000000000000000000096007800720059505300405034002100140
0600426010043200035500500036000001822000184609400145000000000000000000000000000000000000000000000000000000000000097507950735061505500430036002350165
0600432010043800036000500036500001847000187209550165000000000000000000000000000000000000000000000000000000000000099008100750063505700450038502600190
0600438010044400036500500037000001873000189709700185000000000000000000000000000000000000000000000000000000000000100508250765065005900470040502800215
0600444010045000037000500037500001898000192309850205000000000000000000000000000000000000000000000000000000000000101508400785067006050490042503050235
0600450010045600037500500038000001924000194910000225000000000000000000000000000000000000000000000000000000000000103008550800068506250510044503250260
0600456010046200038000500038500001950000197410100245000000000000000000000000000000000000000000000000000000000000104508700815070006400525046503450280
0600462010046800038500500039000001975000200010250265000000000000000000000000000000000000000000000000000000000000105508850830072006600545048503650305
0600468010047400039000500039500002001000202610400285000000000000000000000000000000000000000000000000000000000000107009000840073506750565050003850325
0600474010048000039500500040000002027000205110500300000000000000000000000000000000000000000000000000000000000000108009100855075006900580052004050345
0600480010048600040000500040500002052000207710650320000500000000000000000000000000000000000000000000000000000000109509250870076507050595054004250365
0600486010049200040500500041000002078000210310750335003000050005000000000000000000000000000000000000000000000000110509400890078007250615055504450385
0600492010049800041000500041500002104000212810850355005000050005000000000000000000000000000000000000000000000000111509550905079507400630057504600405
0600498010050400041500500042000002129000215411000370007000200005000000000000000000000000000000000000000000000000113009700915080507500645059004800420
0600504010051000042000500042500002155000217911100385009000400010000000000000000000000000000000000000000000000000114009800930082007650660060505000440
0600510010051600042500500043000002180000220511200405011000600010000000000000000000000000000000000000000000000000115009950945083507800675062005150460
0600516010052200043000500043500002206000223111350420013000800030000000000000000000000000000000000000000000000000116010050955085007950690063505300475
0600522010052800043500500044000002232000225611450435015001000050000000000000000000000000000000000000000000000000117010200970086008100705065505500495
0600528010053400044000500044500002257000228211600450016501200070000000000000000000000000000000000000000000000000118010300980087508200720067005650510
0600534010054000044500500045000002283000230811700465018501350090000000000000000000000000000000000000000000000000119010400995088508350735068505800525
0600540010054600045000500045500002309000233311800480020501550105000000000000000000000000000000000000000000000000120010551005090008500750069505950540
0600546010055200045500500046000002334000235911900495022001750125000000000000000000000000000000000000000000000000121010651020091008600765071006100560
0600552010055800046000500046500002360000238512050510024001900145000000000000000000000000000000000000000000000000122010751030092008750775072506250575
0600558010056400046500500047000002386000241012150525025502100160000000000000000000000000000000000000000000000000123010851040093508850790074006400590
0600564010057000047000500047500002411000243612250535027002250180000000000000000000000000000000000000000000000000124011001050094508950805075006550605
0600570010057600047500500048000002437000246212350550028502400195001000050005000000000000000000000000000000000000124511101060096009150815076506700620
0600576010058200048000500048500002463000248712450565030502600215002500050005000000000000000000000000000000000000125511201075097009250830078006850635
0600582010058800048500500049000002488000251312550575032002750230004500050005000000000000000000000000000000000000126511301085098509350840079006950645
0600588010059400049000500049500002514000253812650590033502900245006500200005000000000000000000000000000000000000127511401095099509500850080507100660
0600594010060000049500500050000002539000256412750600035003050260008000350010000000000000000000000000000000000000128011501105100509600865081507250675
0600600010060600050000500050500002565000259012850615036503200280010000550010000000000000000000000000000000000000129011601115102009700875083007350690
0600606010061200050500500051000002591000261513000630038003400295012000750030000000000000000000000000000000000000130011701125103009850890084007500705
0600612010061800051000500051500002616000264113100640039503550310013500900045000000000000000000000000000000000000131011801135104009950900085507650715
0600618010062400051500500052000002642000266713200655041003700330015501100065000000000000000000000000000000000000132011901145105510100910086507800730
0600624010063000052000500052500002668000269213300670042503850345017001300085000000000000000000000000000000000000132512001155106510200925088007900745
0600630010063600052500500053000002693000271813400680044004000360019001450100000000000000000000000000000000000000133512101170107510300935089008050755
0600636010064200053000500053500002719000274413500695045504150375020501650120000000000000000000000000000000000000134512201180108510450945090008150770
0600642010064800053500500054000002745000276913600705047004300390022001800135000000000000000000000000000000000000135512301185109510550960091508300785
0600648010065400054000500054500002770000279513700720048504450405024001950155000000000000000000000000000000000000136012351195110510650970092508400795
0600654010066000054500500055000002796000282113750730050004600420025502150170000500050005000000000000000000000000137012451205112010750985094008550810
0600660010066600055000500055500002822000284613850745051004750435027002300185002000050005000000000000000000000000138012551215113010850995095508650820
0600666010067200055500500056000002847000287213950755052504850445028502450205003500050005000000000000000000000000139012651225114010951005096508750835
0600672010067800056000500056500002873000289714050770054005000460030002600220005500100005000000000000000000000000139512751235115011051020097508900845
0600678010068400056500500057000002898000292314150780055005150475031502750235007000300005000000000000000000000000140512801245116011151030098509000855
0600684010069000057000500057500002924000294914200790056505250490033002900250009000450005000000000000000000000000141512901255117011251040100009100870
0600690010069600057500500058000002950000297414300805057505400500034503050265010500650020000000000000000000000000142013001260117511351050101009200880
0600696010070200058000500058500002975000300014400815059005550515036003200280012000800040000000000000000000000000143013051270118511451060102009300890
0600702010070800058500500059000003001000302614500825060005650530037503350295013500950055000000000000000000000000143513151280119511551070103009450900
0600708010071400059000500059500003027000305114550835061505800540039003500310015501150075000000000000000000000000144513251285120511651080104009550910
0600714010072000059500500060000003052000307714650845062505900555040003650325017001300090000000000000000000000000145513301295121511751090105009650925
0600720010072600060000500060500003078000310314750860064006050565041503800340018501450105000000000000000000000000146013401305122011851100106009750935
0600726010073200060500500061000003104000312814800870065006150580043003900355020001600120000000000000000000000000147013501315123011951110107009850945
0600732010073800061000500061500003129000315414900880066506300595044504050370021501750135000000000000000000000000147513551320124012001120108009950955
0600738010074400061500500062000003155000317914950890067506400605045504200380023001900155000500050005000000000000148513651330125012101130109010050970
0600744010075000062000500062500003180000320515050905069006550620047004300395024502050170001500050005000000000000149013751340125512201140110010150980
0600750010075600062500500063000003206000323115100915070006650630048004450410026002200185003000050005000000000000150013801345126512301150111010250990
0600756010076200063000500063500003232000325615200925071006750640049504600420027502350200004500100005000000000000151013901355127512351155112010351000
0600762010076800063500500064000003257000328215250935072006900655050504700435029002500215006000250005000000000000151513951360128012451165113010451010
0600768010077400064000500064500003283000330815350945073507000665052004850450030002650230008000400005000000000000152514051370129012551175113510551020
0600774010078000064500500065000003309000333315400955074507100675053004950460031502800240009500550015000000000000153014101380129512601185114510651030
0600780010078600065000500065500003334000335915500965075507200690054505100475033002950255011000700035000000000000153514201385130512701190115510751040
0600786010079200065500500066000003360000338515550975076507350700055505200485034003050270012500850050000000000000154514251395131012751200116510851050
0600792010079800066000500066500003386000341015600985077507450710056505300495035503200285014001000065000000000000155014351400132012851210117010951060
0600798010080400066500500067000003411000343615700995079007550725058005450510037003350295015501150080000000000000156014401410132512951215118011051065
0600804010081000067000500067500003437000346215751005080007650735059005550520038003450310016501300095000000000000156514501415133513001225119011101075
0600810010081600067500500068000003463000348715851015081007800745060005700535039503600325018001450110000000000000157014551425134513101235120011201085
0600816010082200068000500068500003488000351315901025082007900755061505800545040503700335019501600125000500050005158014651430135013151240120511301095
0600822010082800068500500069000003514000353815951030083008000770062505900560042003850350021001750140000500050005158514701440136013251250121511401105
0600828010083400069000500069500003539000356416001040084008100780063506050570043003950365022501900155001000050005159014801445136513301255122011451110
0600834010084000069500500070000003565000359016101050085508200790065006150580044504100375023502000165002500050005160014851455137513401265123011551120
0600840010084600070000500070500003591000361516151060086508300800066006250595045504200390025002150180004000050005160514951460138013501270123511651130
0600846010085200070500500071000003616000364116201070087508450810067006400605046504350400026502300195005500200005161015001470138513551280124511701135
0600852010085800071000500071500003642000366716251075088508550820068006500615048004450410027502400210007000350005161515051475139513601285125511801145
0600858010086400071500500072000003668000369216351085089508650835069006600630049004550425029002550220008500500015162515151485140013701295126011901155
0600864010087000072000500072500003693000371816401095090508750845070506700640050004700435030002700235010000650030163015201490141013751300126511951160
0600870010087600072500500073000003719000374416501105091508850855071506800650051504800450031502800250011000750045163515301500141513851305127512051170
0600876010088200073000500073500003745000376916551110092008950865072506900660052504900460032502950260012500900055164015351505142013901315128012101180
0600882010088800073500500074000003770000379516651120093009050875073507050670053505050470034003050275014001050070164515401510143014001320129012201185
0600888010089400074000500074500003796000382116701130094009100885074507150685054505150485035003200285015501200085165515451520143514051330129512251195
0600894010090000074500500075000003822000384616801135095009200890075507250695056005250495036503300300016501350100166015551525144514151335130512351200
0600900010090600075000500075500003847000387216851145096009300900076507350705057005400505037503450310018001450110166515601530145014201345131012401210
0600906010091200075500500076000003873000389716901150097009400910077507450715058005500520039003550325019001600125167015651540146014301350132012501215
0600912010091800076000500076500003898000392317001160098009500920078507550725059005600530040003650335020501700140167515751545146514351360132512551225
0600918010092400076500500077000003924000394917051170098509600930079507650735060505700540041003800345022001850150168015801550147014401365133512651230
0600924010093000077000500077500003950000397417151175099509700940080507750745061505850550042003900360023002000165169015851555148014501370134012701240
0600930010093600077500500078000003975000400017201185100509750950081507900760062505950565043504000370024502100180169515901565148514551380135012751245
0600936010094200078000500078500004001000402617301195101509850960082508000770063506050575044504150380025502250190170015951570149014651385135512851250
0600942010094800078500500079000004027000405117351200102009950965083508050780064506150585045504250395027002350205170516051575150014701390136012901260
0600948010095400079000500079500004052000407717401210103010050975084508150790065506250595046504350405028002500215171016101580150514751400137012951265
0600954010096000079500500080000004078000410317501215104010100985085508250800066506350605047504450415029002600230171516151585151014851405137513051275
0600960010096600080000500080500004104000412817551225104510200995086508350810067506450615049004600425030502700240172516201595152014901410138013101280
0600966010097200080500500081000004129000415417601235105510301000087508450820068506550625050004700440031502850255173016251600152514951420139013201285
0600972010097800081000500081500004155000417917701240106510351010088508550825069506700640051004800450032502950265173516301605153015001425139513251295
0600978010098400081500500082000004180000420517751250107010451020089508650835070506800650052004900460034003100275174016351610153515101435140513301300
0600984010099000082000500082500004206000423117801255108010551025090008750845071506900660053005050475035003200290174516401615154515151440141013401310
0600990010099600082500500083000004232000425617901265109010601035091008850855072507000670054505150485036003300300175016501620155015201445141513451315
0600996010100200083000500083500004257000428217951270109510701045092008900865073507100680055505250495037003400310175516551630155515251455142513501320
0601002010100800083500500084000004283000430818001275110510801055093009000875074507200690056505350505038503550325176016601635156015351460143013601330
0601008010101400084000500084500004309000433318051285111510851060093509100885075507300700057505450515039503650335176516651640156515401465143513651335
0601014010102000084500500085000004334000435918151290112010951070094509200890076507400710058505550525040503750345177016701645157015451470144513701340
0601020010102600085000500085500004360000438518201300113011051080095509300900077507500720059505650535041503850355177516751650158015501480145013801350
0601026010103200085500500086000004386000441018251305113511101085096509350910078507600730060505750550042503950365178016801655158515551485145513851355
0601032010103800086000500086500004411000443618301315114511201095097009450920079507700740061505850560043504050380178516901665159015651490146513901360
0601038010104400086500500087000004437000446218351320115511301105098009550925080507750750062505950570044504200390179016951670159515701495147013951370
0601044010105000087000500087500004463000448718451325116011351110099009600935081507850760063506050580046004300400179517001675160015751505147514051375
0601050010105600087500500088000004488000451318501335117011451120099509700945082507950770064506150590047004400410180017051680160515801510148014101380
0601056010106200088000500088500004514000453818551340117511501125100509800955083008050780065506250600048004500420180517101685161015851515149014151390
0601062010106800088500500089000004539000456418601345118511601135101509850960084008150790066506350610049004600435181017151690161515901520149514201395
0601068010107400089000500089500004565000459018651355119011701145102009950970085008250795067506500620050004700445181517201695162015951525150014301400
0601074010108000089500500090000004591000461518751360120011751150103010050980086008350805068506600630051004850455182017251700163016051535150514351410
0601080010108600090000500090500004616000464118801370120511851160104010150990087008450815069506700640052004950465182517301710163516101540151514451415
0601086010109200090500500091000004642000466718851375121511901165104510200995088008500825070506800650053005050475183017351715164016151545152014501420
0601092010109800091000500091500004668000469218901385122512001175105510301005088508600835071506900660054005150485183517451720164516201550152514551430
0601098010110400091500500092000004693000471818951390123012051185106510401015089508700845072507000670055005250495184017501725165016251555153014601435
0601104010111000092000500092500004719000474419001395124012151190107510501025090508800855073507100680056505350510184517551730166016351565153514701440
0601110010111600092500500093000004745000476919101405124512201200108010551030091508900860074507200690057505450520185017601735166516401570154514751450
0601116010112200093000500093500004770000479519151410125512301205109010651040092008950870075507300700058505550530185517651740167016451575155014801455
0601122010112800093500500094000004796000482119201420126012351215109510751050093009050880076507350710059505650540186017701745167516501580155514851460
0601128010113400094000500094500004822000484619251425126512451220110510801055094009150890077507450720060505750550187017751750168016551585156014951470
0601134010114000094500500095000004847000487219301435127512501230111510901065095009250900078007550730061505850560187517801755168516651590156515001475
0601140010114600095000500095500004873000489719351440128012601235112011001075095509300905079007650740062505950570188017851760169016701595157515051480
0601146010115200095500500096000004898000492319401445129012651245113011051080096509400915080007750750063506050580188517901765170016751605158015101485
0601152010115800096000500096500004924000494919451455129512751250114011151090097509500925081007850760064506150590189017951770170516801610158515201490
0601158010116400096500500097000004950000497419501460130512801260114511201100098009550930082007950770065506250600189518001775171016851615159015251500
0601164010117000097000500097500004975000500019551465131012901265115511301105099009650940083008050780066506350610190018051785171516901620159515301505
0601170010117600097500500098000005001000502619601475132012951275116011401115100009750950083508100785067506450620190518101790172016951625160015351510
0601176010118200098000500098500005027000505119701480132513051280117011451120100509850960084508200795068006550630190518151795172517001630161015401515
0601182010118800098500500099000005052000507719751485133513101290117511551130101509900965085508300805069006650640191018201800173017051640161515451520
0601188010119400099000500099500005078000510319801490134013201295118511601135102510000975086508400815070006750650191518251805173517101645162015551530
0601194010120000099500500100000005104000512819851500134513251305119011701145103010100985087008450820071006850660192018301810174017151650162515601535
0601200010120600100000500100500005129000515419901505135513351310120011751155104010150995088008550830072006950670192518351815174517251655163015651540
0601206010121200100500500101000005155000517919951510136013401320120511851160105010251000089008650840073007050680193018401820175017301660163515701545
0601212010121800101000500101500005180000520520001515137013451325121511901170105510351010089508750850074007150690193518451825175517351665164015751550
0601218010122400101500500102000005206000523120051525137513551330122012001175106510401020090508800855074507250700194018501830176017401670165015801555
0601224010123000102000500102500005232000525620101530138013601340122512051185107010501025091508900865075507300705194518551835176517451675165515851560
0601230010123600102500500103000005257000528220151535139013701345123512151190108010551035092009000875076507400715195018601840177017501680166015901570
0601236010124200103000500103500005283000530820251545139513751355124012201200109010651040093009050885077507500725195518651845177517551685166515951575
0601242010124800103500500104000005309000533320301550140013801360125012301205109510751050094009150890078507600735196018701850178017601690167016051580
0601248010125400104000500104500005334000535920351555141013901365125512351215110510801060094509250900079007700745196518751855178517651700167516101585
0601254010126000104500500105000005360000538520401560141513951375126512401220111010901065095509300910080007750750197018801860179017701705168016151590
0601260010126600105000500105500005386000541020451570142014001380127012501230112010951075096509400915081007850760197518851865179517751710168516201595
0601266010127200105500500106000005411000543620501575143014101390128012551235112511051080097009500925082007950770198018901870180017801715169016251600
0601272010127800106000500106500005437000546220551580143514151395128512651245113511101090098009600935082508050780198518951875180517851720169516301610
0601278010128400106500500107000005463000548720601590144014201400129512701250114011201095099009650945083508100785198519001880181017901725170016351615
0601284010129000107000500107500005488000551320651595145014301410130012801260115011251105099509750950084508200795199019051885181517951730170516401620
0601290010129600107500500108000005514000553820701600145514351415130512851265115511351110100509800960085008300805199519101890182018001735171016451625
0601296010130200108000500108500005539000556420801605146014401420131512951270116511401120101509900970086008350815200019151895182518051740171516501630
0601302010130800108500500109000005565000559020851610147014501430132013001280117011501125102010000975087008450820200519201900183018101745172016601635
0601308010131400109000500109500005591000561520901620147514551435133013051285118011551135103010050985087508550830201019251905183518151750172516651640
0601314010132000109500500110000005616000564120951625148014601440133513151295118511651140103510150990088508600840201519301910184018201755173016701645
0601320010132600110000500110500005642000566721001630149014701450134013201300119511701150104510201000089508700850202019351915184518251760173516751650
0601326010133200110500500111000005668000569221051635149514751455135013301305120011801155105010301010090008800855202519351920185018301765174016801655
0601332010133800111000500111500005693000571821101640150014801460135513351315121011851165106010401015091008850865203019401925185518351770174516851660
0601338010134400111500500112000005719000574421151650150514901470136013401320121511951170106510451025092008950875203519451925186018401775175016901665
0601344010135000112000500112500005745000576921201655151514951475137013501330122012001180107510551030092509050880203519501930186518451780175516951670
0601350010135600112500500113000005770000579521251660152015001480137513551335123012101185108010601040093509100890204019551935187018501785176517001675
0601356010136200113000500113500005796000582121301665152515051490138013601340123512151195109010701045094009200900204519601940187518551790177017051680
0601362010136800113500500114000005822000584621351675153515151495139013701350124512251200109510751055095009300905205019651945188018601795177517101685
0601368010137400114000500114500005847000587221401680154015201500139513751355125012301210110510851060096009350915205519701950188518651800178017151690
0601374010138000114500500115000005873000589721451685154515251505140013801360126012351215111010901070096509450920206019751955189018701805178517201695
0601380010138600115000500115500005898000592321501690155015351515141013901370126512451225112011001075097509500930206519801960189518751810179017251700
0601386010139200115500500116000005924000594921551695155515401520141513951375127012501230112511051085098009600940207019851965190018801815179517301705
0601392010139800116000500116500005950000597421601700156515451525142014001380128012601240113511101090099009700945207519901970190018801820179517351710
0601398010140400116500500117000005975000600021651710157015501530143014101390128512651245114011201100099509750955208019901975190518901825180017401715
0601404010141000117000500117500006001000602621701715157515551540143514151395129012701250115011251105100509850960208519951980191018901825180517451720
0601410010141600117500500118000006027000605121751720158015651545144014201405130012801260115511351115101009900970208520001985191518951830181017501725
0601416010142200118000500118500006052000607721751725159015701550145014301410130512851265116511401120102010000975209020051985192019001835181517551730
0601422010142800118500500119000006078000610321801730159515751555145514351415131012901270117011501130102510050985209520101990192519051840182017601735
0601428010143400119000500119500006104000612821851735160015801565146014401425132013001280117511551135103510150995210020151995193019101845182517651745
0601434010144000119500500120000006129000615421901740160515901570146514501430132513051285118511651145104010201000210520202000193519151850183017701745
0601440010144600120000500120500006155000617921951750161015951575147514551435133013101290119011701150105010301005211020252005194019201855183517751750
0601446010145200120500500121000006180000620522001755162016001580148014601440134013201300120011801160105510351015211520302010194519251860184017801755
0601452010145800121000500121500006206000623122051760162516051590148514651450134513251305120511851165106510451020211520352015195019301865184517801760
0601458010146400121500500122000006232000625622101765163016101595149014751455135013301315121011901170107010501030212020352020195519351870185017851765
0601464010147000122000500122500006257000628222151770163516201600150014801460136013401320122012001180108010601035212520402025195519401875185517901770
0601470010147600122500500123000006283000630822201775164016251605150514851465136513451325122512051185108510651045213020452030196019451880186017951775
0601476010148200123000500123500006309000633322201785165016301615151014901475137013551335123512151195109510751050213520502035196519501885186518001780
0601482010148800123500500124000006334000635922251790165516351620151515001480138013601340124012201200110010801060214020552035197019501890187018051785
0601488010149400124000500124500006360000638522301795166016401625152015051485138513651345124512251205110510851065214520602040197519551890187518101790
0601494010150000124500500125000006386000641022351800166516501630153015101490139013751355125512351215111510951075215020652045198019601895188018151795
0601500010150600125000500125500006411000643622401805167016551635153515151500140013801360126012401220112011001080215520702050198519651900188018201800
0601506010151200125500500126000006437000646222451810167516601640154015251505140513851365126512451225113011101090215520702055199019701905188518251805
0601512010151800126000500126500006463000648722501815168516651650154515301510141013901375127512551235113511151095216020752060199519751910189018301810
0601518010152400126500500127000006488000651322501820169016701655155515351515141514001380128012601240114511251105216520802065199519801915189518351815
0601524010153000127000500127500006514000653822551825169516751660156015401525142514051385128512651245115011301110217020852070200019851920190018351820
0601530010153600127500500128000006539000656422601835170016851665156515501530143014101390129512751255115511351120217520902075200519901925190518401825
0601536010154200128000500128500006565000659022651840170516901670157015551535143514151400130012801260116511451125218020952075201019951930191018451830
0601542010154800128500500129000006591000661522701845171016951680158015601540144014251405130512851270117011501130218521002080201520001935191518501835
0601548010155400129000500129500006616000664122751850172017001685158515651550145014301410131512951275118011601140219021052085202020001935192018551835
0601554010156000129500500130000006642000666722801855172517051690159015701555145514351415132013001280118511651145219021052090202520051940192518601840
0601560010156600130000500130500006668000669222851860173017151695159515801560146014401425132513051290119011701150219521102095203020101945192518651845
0601566010157200130500500131000006693000671822901865173517201700160015851565146514501430133013151295120011801160220021152100203020151950193018701850
0601572010157800131000500131500006719000674422901870174017251705160515901570147014551435134013201300120511851165220521202105203520201955193518751855
0601578010158400131500500132000006745000676922951880174517301715161515951580148014601445134513251310121011901175221021252110204020251960194018801860
0601584010159000132000500132500006770000679523001885175017351720162016001585148514651450135013351315121512001180221521302110204520301965194518851865
0601590010159600132500500133000006796000682123051890175517401725162516051590149014751455136013401320122512051185222021352115205020301970195018901870
0601596010160200133000500133500006822000684623101895176517451730163016151595149514801460136513451325123012101195222521352120205520351970195518901875
0601602010160800133500500134000006847000687223151900177017501735163516201600150514851470137013501335123512201200223021402125206020401975196018951880
0601608010161400134000500134500006873000689723201905177517601740164016251610151014901475137513601340124512251205223021452130206520451980196519001885
0601614010162000134500500135000006898000692323251910178017651750165016301615151515001480138513651345125012301215223521502135206520501985197019051885
0601620010162600135000500135500006924000694923301915178517701755165516351620152015051485139013701355125512401220224021552140207020551990197019101890
0601626010163200135500500136000006950000697423351925179017751760166016451625153015101490139513751360126512451225224521602145207520601995197519151895
0601632010163800136000500136500006975000700023401930179517801765166516501630153515151500140013851365127012501235225021652150208020652000198019201900
0601638010164400136500500137000007001000702623401935180017851770167016551635154015201505140513901370127512601240225521702150208520652005198519201905
0601644010165000137000500137500007027000705123451940181017951775167516601645154515301510141513951380128512651245226021752155209020702005199019251910
0601650010165600137500500138000007052000707723501945181518001780168016651650155015351515142014001385129012701255226521752160209520752010199519301915
0601656010166200138000500138500007078000710323551955182018051790169016701655155515401520142514101390129512801260227021802165209520802015200019351920
0601662010166800138500500139000007104000712823601960182518101795169516751660156015451530143014151395130012851265227521852170210020852020200019401920
0601668010167400139000500139500007129000715423651965183018151800170016851665157015501535144014201405131012901270228021902175210520902025200519451925
0601674010168000139500500140000007155000717923701970183518201805170516901670157515551540144514251410131512951280228521952180211020952030201019501930
0601680010168600140000500140500007180000720523701980184018251810171016951680158015651545145014351415132013051285229022002185211521002035201519551935
0601686010169200140500500141000007206000723123751985185018301815171517001685158515701550145514401420132513101290229522052190212021002035202019551940
0601692010169800141000500141500007232000725623801990185518401825172017051690159015751560146514451430133513151300230022102195212521052040202519601945
0601698010170400141500500142000007257000728223851995186018451830173017101695160015801565147014501435134013201305230522152195213021102045203019651950
0601704010171000142000500142500007283000730823902000186518501835173517151700160515851570147514551440134513301310231022152200213021152050203519701955
0601710010171600142500500143000007309000733323902010187018551840174017251705161015951575148014651445135013351315231522202205213521202055204019751960
0601716010172200143000500143500007334000735923952015187518601845174517301715161516001580148514701450135513401320232022252210214021252060204019801960
0601722010172800143500500144000007360000738524002020188518701855175017351720162016051590149014751460136513451330232522302215214521302065204519851965
0601728010173400144000500144500007386000741024052025189018751860175517401725162516101595150014801465137013501335233022352220215021352065205019851970
0601734010174000144500500145000007411000743624102030189518801865176017451730163016151600150514851470137513601340233522402225215521402070205519901975
0601740010174600145000500145500007437000746224102040190018851870177017501735164016201605151014951475138013651350234022452230216021402075206019951980
0601746010175200145500500146000007463000748724152045191018951880177517601740164516251610151515001480139013701355234522502235216021452080206520001985
0601752010175800146000500146500007488000751324202050191519001885178017651750165016351615152015051485139513751360235022552240216521502085206520051985
0601758010176400146500500147000007514000753824252055192019051890178517701755165516401625152515101495140013851365235522602245217021552090207020101990
0601764010177000147000500147500007539000756424252060192519101895179017751760166016451630153515151500140513901370236022652250217521602095207520151995
0601770010177600147500500148000007565000759024302065193019151900179517801765166516501635154015201505141013951380236522702255218021652095208020152000
0601776010178200148000500148500007591000761524352070194019251910180017851770167016551640154515301510142014001385237022752260218521702100208520202005
0601782010178800148500500149000007616000764124402075194519301915181017901775168016601645155015351515142514051390237522802265219021752105209020252010
0601788010179400149000500149500007642000766724452085195019351920181518001785168516701650155515401525143014151395238022852270219521802110209520302015
0601794010180000149500500150000007668000769224452090195519401925182018051790169016751655156015451530143514201405238022902275220021852115210020352020
0601800010180600150000500150500007693000771824502095196019451935182518101795169516801665157015501535144014251410238522952280220521902120210020402020
0601806010181200150500500151000007719000774424552100197019551940183018151800170016851670157515551540145014301415239023002285221021952125210520452025
0601812010181800151000500151500007745000776924552105197519601945184018251810170516901675158015651545145514351420239523052290221522002125211020452030
0601818010182400151500500152000007770000779524602110198019651950184518301815171016951680158515701550146014401425240023102295222022052130211520502035
0601824010183000152000500152500007796000782124652115198519701955185018351820172017001685159015751560146514501430240523152300222522102135212020552040
0601830010183600152500500153000007822000784624702120199019751965185518401825172517101690159515801565147014551440241023202305223022152140212520602045
0601836010184200153000500153500007847000787224702125199519801970186018451830173017151700160015851570147514601445241523252310223522202145213020652045
0601842010184800153500500154000007873000789724752130200519901975187018551840173517201705161015901575148514651450242023302315224022252150213520702050
0601848010185400154000500154500007898000792324802135201019951980187518601845174017251710161516001580149014701455242023352320224522302155214020702055
0601854010186000154500500155000007924000794924852140201520001985188018651850174517301715162016051590149514801460242523402325225022352160214520752060
0601860010186600155000500155500007950000797424852145202020051990188518701855175017351720162516101595150014851470243023452330225522402165214520802065
0601866010187200155500500156000007975000800024902150202520101995189518801865176017451725163016151600150514901475243523452335226022452165215020852070
0601872010187800156000500156500008001000802624952155203020152005190018851870176517501735163516201605151014951480244023502340226522502170215520902075
0601878010188400156500500157000008027000805124952160203520202010190518901875177017551740164016251610151515001485244523552345226522552175216020952080
0601884010189000157000500157500008052000807725002165204020252015191018951880177517601745164516301615152515051490244523602345227022552180216521002080
0601890010189600157500500158000008078000810325052170204520352020191519001885178517701755165516401620153015151495245023652350227522602185217021002085
0601896010190200158000500158500008104000812825052175205020402025192019101895179017751760166016451630153515201500245523702355228022652190217521052090
0601902010190800158500500159000008129000815425102180206020452030193019151900179517801765166516501635154015251510246023752360228522702195218021102095
0601908010191400159000500159500008155000817925152185206520502035193519201905180017851770167016551640154515301515246523802365229022752200218521152100
0601914010192000159500500160000008180000820525152190207020552040194019251910180517901775167516601645155015351520247023852370229522802205219021202105
0601920010192600160000500160500008206000823125202195207520602045194519301915181518001785168016651650156015401525247023852375230022852210219521252110
0601926010193200160500500161000008232000825625252200208020652050195019351920182018051790169016701655156515501530247523902380230522902215220021302115
0601932010193800161000500161500008257000828225252205208520702055195519401930182518101795169516801665157015551535248023952380231022952220220521352120
0601938010194400161500500162000008283000830825302210209020752060196019501935183018151800170016851670157515601545248524002385231523002225221021402120
0601944010195000162000500162500008309000833325352215209520802065196519551940183518251810170516901675158015651550249024052390232023052230221521402125
0601950010195600162500500163000008334000835925352220210020852070197519601945184518301815171016951680158515701555249024102395232023102235222021452130
0601956010196200163000500163500008360000838525402225210520902080198019651950185018351820171517001685159015751560249524152400232523152240222521502135
0601962010196800163500500164000008386000841025452230211020952085198519701955185518401825172517101695159515801565250024152405233023152245223021552140
0601968010197400164000500164500008411000843625452235211521002090199019751960186018451830173017151700160515901570250524202410233523202250223521602145
0601974010198000164500500165000008437000846225502240212021052095199519801965186518501840173517201705161015951580251024252410234023252255224021652150
0601980010198600165000500165500008463000848725552245212521102100200019851970187018601845174017251710161516001585251024302415234523302260224521702155
0601986010199200165500500166000008488000851325602250213021152105200519901980188018651850175017351720162016051590251524352420235023352265225021752160
0601992010199800166000500166500008514000853825602255213521202110201019951985188518701855175517401725162516101595252024352425235523402270225521802165
0601998010200400166500500167000008539000856425652260214021252115201520001990189018751860176017451730163016151600252524402430235523452270226021852170
0602004010201000167000500167500008565000859025702265214521302120202020101995189518801865176517501735163516201605252524452435236023502275226521902175
0602010010201600167500500168000008591000861525702265215021352125202520152000190018851870177017551745164516301615253024502435236523502280226521952180
0602016010202200168000500168500008616000864125752270215521402130203020202005190518901880178017651750165016351620253524552440237023552285227022002185
0602022010202800168500500169000008642000866725802275216021452135203520252010191019001885178517701755165516401625254024552445237523602290227522052190
0602028010203400169000500169500008668000869225852280216521502140204020302015191519051890179017751760166016451630254024602450238023652295228022102195
0602034010204000169500500170000008693000871825852285217021552145204520352020192519101895179517801765166516501635254524652455238523702300228522152200
0602040010204600170000500170500008719000874425902290217521602150205020402025193019151900180017851775167516601645255024702455238523752305229022202205
0602046010205200170500500171000008745000876925952295218021652150205520452030193519201905180517951780168016651650255024752460239023752305229522252210
0602052010205800171000500171500008770000879526002300218521702155206520502035194019251910181518001785168516701655255524752465239523802310230022302215
0602058010206400171500500172000008796000882126002305218521752160206520552040194519301915182018051790169016751660256024802470240023852315230022302220
0602064010207000172000500172500008822000884626052305219021802165207020602045195019351920182518101795169516801670256524852470240523902320230522352220
0602070010207600172500500173000008847000887226102310219521852170207520652050195519401930183018151800170516901675256524902475240523952325231022402225
0602076010208200173000500173500008873000889726102315220021902175208020702055196019451935183518201805171016951680257024902480241024002330231522452230
0602082010208800173500500174000008898000892326152320220521952180208520752060196519501940184018251815171517001685257524952485241524002335232022502235
0602088010209400174000500174500008924000894926202325221022002185209020802065197019551945184518351820172017051695258025002485242024052340232522552240
0602094010210000174500500175000008950000897426202330221522002190209520852070197519601950185018401825172517151700258025052490242524102340233022602245
0602100010210600175000500175500008975000900026252335222022052195210020902075198019701955186018451830173517201705258525052495242524152345233522652250
0602106010211200175500500176000009001000902626302335222522102200210520952080198519751960186518501835174017251710259025102500243024202350233522702255
0602112010211800176000500176500009027000905126302340223022152205211021002085199019801965187018551840174517301715259025152500243524202355234022702260
0602118010212400176500500177000009052000907726352345223522202210211521052090199519851970187518601845175017351720259525202505244024252360234522752265
0602124010213000177000500177500009078000910326402350223522252215212021102095200019901975188018651850175517401730260025202510244524302360235022802265
0602130010213600177500500178000009104000912826402355224022302215212521152100200519951980188518701860176017501735260025252515244524352365235522852270
0602136010214200178000500178500009129000915426452355224522352220213021202105201020001985189018751865177017551740260525302515245024402370235522902275
0602142010214800178500500179000009155000917926502360225022402225213521202110201520051990189518801870177517601745261025302520245524402375236022952280
0602148010215400179000500179500009180000920526552365225522452230214021252115202020101995190018901875178017651750261025352525246024452380236523002285
0602154010216000179500500180000009206000923126552370226022452235214521302120202520152000190518951880178517701755261525402530246024502385237023002290
0602160010216600180000500180500009232000925626602375226522502240215021352125203020202005191019001885179017751760262025452530246524552385237523052290
0602166010217200180500500181000009257000928226602375227022552245215521402130203520252010191519051890179517801770262025452535247024552390237523102295
0602172010217800181000500181500009283000930826652380227022602250216021452135204020302015192019101895180017901775262525502540247524602395238023152300
0602178010218400181500500182000009309000933326702385227522652250216021502135204520352020192519151900180517951780263025552540247524652400238523202305
0602184010219000182000500182500009334000935926702390228022702255216521552140205020402025193519201905181518001785263025552545248024702400239023252310
0602190010219600182500500183000009360000938526752395228522702260217021602145205520452030194019251910182018051790263525602550248524702405239523252315
0602196010220200183000500183500009386000941026802395229022752265217521652150206020502035194519301915182518101795264025652550248524752410239523302315
0602202010220800183500500184000009411000943626802400229522802270218021702155206520552040195019351920183018151800264025702555249024802415240023352320
0602208010221400184000500184500009437000946226852405229522852275218521752160207020552045195519401925183518201805264525702560249524802415240523402325
0602214010222000184500500185000009463000948726902410230022902280219021752165207520602050196019451930184018251815265025752565250024852420241023452330
0602220010222600185000500185500009488000951326902410230522952280219521802170208020652055196519501935184518301820265025802565250024902425241023452335
0602226010223200185500500186000009514000953826952415231022952285220021852175208520702060197019551940185018351825265525802570250524952430241523502340
0602232010223800186000500186500009539000956426952420231523002290220521902180209020752065197519601945185518401830266025852575251024952435242023552340
0602238010224400186500500187000009565000959027002425231523052295220521952180209520802070198019651950186018451835266025902575251525002435242523602345
0602244010225000187000500187500009591000961527052425232023102300221022002185210020852075198519701955186518501840266525902580251525052440242523652350
0602250010225600187500500188000009616000964127052430232523152300221522052190210520902080199019751960187018601845266525952585252025102445243023652355
0602256010226200188000500188500009642000966727102435233023202305222022102195210520952080199519801965187518651850267025952585252525102445243523702360
0602262010226800188500500189000009668000969227102440233523202310222522102200211021002085199519851970188018701855267526002590252525152450244023752360
0602268010227400189000500189500009693000971827152440233523252315223022152205211521052090200519901975188518751860267526052595253025202455244023802365
0602274010228000189500500190000009719000974427202445234023302320223022202210212021102095200519951980189018801865268026052595253525202460244523802370
0602280010228600190000500190500009745000976927202450234523352320223522252215212521152100201020001985189518851870268026102600253525252460245023852375
0602286010229200190500500191000009770000979527252455235023402325224022302215213021202105201520051990190018901875268526152600254025302465245523902375
0602292010229800191000500191500009796000982127252455235523402330224522352220213521202110202020101995190518951880269026152605254525302470245523952380
0602298010230400191500500192000009822000984627302460235523452335225022402225214021252115202520152000191019001885269026202610254525352475246023952385
0602304010231000192000500192500009847000987227352465236023502340225522402230214521302120203020202005191519051890269526252610255025402475246524002390
0602310010231600192500500193000009873000989727352465236523552340225522452235214521352125203520252010192019101895269526252615255525402480246524052390
0602316010232200193000500193500009898000992327402470237023552345226022502240215021402125204020302015192519151900270026302620255525452485247024102395
0602322010232800193500500194000009924000994927402475237023602350226522552240215521452130204520302020193019201905270526352620256025502485247524102400
0602328010233400194000500194500009950000997427452480237523652355227022602245216021502135205020352025193519251910270526352625256525502490248024152405
0602334010234000194500500195000009975001000027502480238023702355227522602250216521552140205520402030194019301915271026402630256525552495248024202405
0602340010234600195000500195500010001001002627502485238523702360228022652255217021552145206020452035194519351920271026402630257025602495248524252410
0602346010235200195500500196000010027001005127552490238523752365228022702260217521602150206520502040195019401925271526452635257525602500249024252415
0602352010235800196000500196500010052001007727552490239023802370228522752260218021652155207020552045195519451930272026502635257525652505249024302420
0602358010237000196500500197500010078001012827602495239523852375229022802270218521702160207520602050196519501940272026552640258025702510249524352425
0602370010238200197500500198500010129001017927652505240523952380230022902275219521802170208520702060197519601945273026602650259025752515250524452430
0602382010239400198500500199500010180001023127702510241024002390230522952285220021902175209020802065198019701955273526652655259525852525251024502440
0602394010240600199500500200500010232001028227752515242024052395231523052290221021952185210020902075199019801965274026702660260025902530251524552445
0602406010241800200500500201500010283001033327852525242524152405232523102300221522052195211021002085200019901975274526752665260525952535252524652450
0602418010243000201500500202500010334001038527902530243024202410233023202310222522152200212021052095201019951985275026852670261526002545253024702460
0602430010244200202500500203500010386001043627952535244024302420233523252315223522202210212521152105202020051995275526902675262026102550253524802465
0602442010245400203500500204500010437001048728002545244524352425234523352325224022302220213521252110203020152005276026952685262526152555254524852470
0602454010246600204500500205500010488001053828052550245524452430235523402330225022402225214521302120203520252010276527002690263026202560255024902480
0602466010247800205500500206500010539001059028102555246024502440236023502340225522452235215021402130204520352020277027052695264026252570255525002485
0602478010249000206500500207500010591001064128152565246524552445236523552345226522552240216021502135205520402030277527102700264526302575256525052495
0602490010250200207500500208500010642001069228202570247524652450237523652350227022602250217021552145206520502040278027152705265026402580257025102500
0602502010251400208500500209500010693001074428252575248024702460238023702360228022702255217521652155207020602050278527202710265526452585257525202505
0602514010252600209500500210500010745001079528302580248524752465239023802365229022752265218521752160208020702055279527302720266026502595258025252515
0602526010253800210500500211500010796001084628352585249524852475239523852375229522852270219521802170209020752065280027352725266526552600259025302520
0602538010255000211500500212500010847001089728402595250024902480240023902380230522902280220021902175209520852075280527402730267026602605259525352525
0602550010256200212500500213500010898001094928452600250524952485241024002390231023002290221021952185210520952080281027452735268026702610260025452530
0602562010257400213500500214500010950001100028502605251025002490241524052395231523052295221522052195211521002090281527502740268526752615260525502540
0602574010258600214500500215500011001001105128552610252025102500242524102400232523152300222522102200212021102100282027552745269026802625261025552545
0602586010259800215500500216500011052001110328602615252525152505243024202410233023202310223022202210213021202105282527602750269526852630262025602550
0602598010261000216500500217500011104001115428652625253025202510243524252415234023302315224022302215214021252115283027652755270026902635262525702555
0602610010262200217500500218500011155001120528702630254025302520244524302420234523352325224522352225214521352125283027702760270526952640263025752560
0602622010263400218500500219500011206001125628752635254525352525245024402430235523402330225522452230215521402130283527752765271027002645263525802570
0602634010264600219500500220500011257001130828802640255025402530245524452435236023502340226022502240216021502140284027802770271527052650264025852575
0602646010265800220500500221500011309001135928852645255525452535246524552440236523552345227022602245217021602145284527852775272027102655264525902580
0602658010267000221500500222500011360001141028902650256025502540247024602450237523652350227522652255217521652155285027902780272527152665265025952585
0602670010268200222500500223500011411001146228902655257025602550247524652455238023702360228522702260218521752160285527952785273027202670266026052590
0602682010269400223500500224500011463001151328952665257525652555248024702460238523752365229022802270219521802170286028002790274027302675266526102600
0602694010270600224500500225500011514001156429002670258025702560249024802470239523852370230022852275220021902175286528052795274527302680267026152605
0602706010271800225500500226500011565001161529052675258525752565249524852475240023902380230522952285220521952185287028102800275027402685267526202610
0602718010273000226500500227500011616001166729102680259025802570250024902480240523952385231023002290221522052195287528152805275527452690268026252615
0602730010274200227500500228500011668001171829152685259525902580250524952485241524052395232023102295222022102200288028202810276027502695268526302620
0602742010275400228500500229500011719001176929202690260525952585251525052495242024102400232523152305223022202210288528252815276527552700269026352625
0602754010276600229500500230500011770001182129252695261026002590252025102500242524152405233023202310223522252215289028302820277027602705269526452630
0602766010277800230500500231500011822001187229302700261526052595252525152505243524252410234023302320224522352220289528352825277527652710270026502640
0602778010279000231500500232500011873001192329352705262026102600253025202510244024302420234523352325225022402230289528402830278027702715270526552645
0602790010280200232500500233500011924001197429352710262526152605253525252515244524352425235523402330226022452235290028452835278527752720271026602650
0602802010281400233500500234500011975001202629402715263026202610254525352525245024402430236023502340226522552245290528452840279027802725271526652655
0602814010282600234500500235500012027001207729452720263526252620255025402530246024502440236523552345227522602250291028502845279027852730272026702660
0602826010283800235500500236500012078001212829502725264026352625255525452535246524552445237523602350228022702260291528552850279527902735272526752665
0602838010285000236500500237500012129001217929552730264526402630256025502540247024602450238023702360228522752265292028602850280027902740273026802670
0602850010286200237500500238500012180001223129602735265026452635256525552545247524652455238523752365229522852270292528652855280527952745273526852675
0602862010287400238500500239500012232001228229602740266026502640257025602550248524752465239023802370230022902280292528702860281028002750274026902680
0602874010288600239500500240500012283001233329652745266526552645257525652560249024802470240023902380230522952285293028752865281528052755274526952685
0602886010289800240500500241500012334001238529702750267026602650258025752565249524852475240523952385231523052290293528802870282028102760275027002690
0602898010291000241500500242500012386001243629752755267526652655259025802570250024902480241024002390232023102300294028852875282528152765275527052695
0602910010292200242500500243500012437001248729802760268026702660259525852575250524952485241524052395232523152305294528852880283028202770276027102700
0602922010293400243500500244500012488001253829802765268526752665260025902580251025002490242524152405233523252310294528902880283528252775276527152705
0602934010294600244500500245500012539001259029852770269026802670260525952585252025102500243024202410234023302320295028952885284028302780277027202710
0602946010295800245500500246500012591001264129902775269526852675261026002590252525152505243524252415234523352325295529002890284528352785277527252715
0602958010297000246500500247500012642001269229952780270026902680261526052595253025202510244024302420235523402330296029052895285028402790278027302720
0602970010298200247500500248500012693001274429952785270526952685262026102600253525252515244524352430236023502340296529102900285028402795278527352725
0602982010299400248500500249500012745001279530002790271027002690262526152605254025302520245524452435236523552345296529102905285528452800279027402730
0602994010300600249500500250500012796001284630052795271527052695263026202615254525352525246024502440237023602350297029152910286028502805279527452735
0603006010301800250500500251500012847001289730102800272027102700263526252620255025402535246524552445238023702360297529202910286528552810280027502740
0603018010303000251500500252500012898001294930152800272527152705264026302625255525502540247024602450238523752365298029252915287028602810280527552745
0603030010304200252500500253500012950001300030152805273027202710264526352630256025552545247524652460239023802370298529302920287528652815280527602750
0603042010305400253500500254500013001001305130202810273527252715265026452635257025602550248524752465239523852375298529352925288028702820281027652755
0603054010306600254500500255500013052001310330252815273527302720265526452640257525652555249024802470240023902380299029352930288028752825281527702760
0603066010307800255500500256500013104001315430302820274027352725266026552645258025702560249524852475241024002390299529402930288528752830282027752765
0603078010309000256500500257500013155001320530302825274527402730266526602650258525752565250024902480241524052395300029452935289028802835282527802770
0603090010310200257500500258500013206001325630352830275027452735267026652655259025802570250524952485242024102400300029502940289528852840283027852775
0603102010311400258500500259500013257001330830402835275527502740267526652660259525852575251025002490242524152405300529502945290028902845283527852775
0603114010312600259500500260500013309001335930402835276027552745268026752665260025902580251525052495243024202410301029552950290028952845284027902780
0603126010313800260500500261500013360001341030452840276527552750268526802670260525952585252025152505244024302420301029602950290529002850284027952785
0603138010315000261500500262500013411001346230502845277027602755269026852675261026002590252525202510244524352425301529652955291029002855284528002790
0603150010316200262500500263500013463001351330552850277527652760269526852680261526052595253525252515245024402430302029652960291529052860285028052795
0603162010317400263500500264500013514001356430552855278027702760270026902685262026102600254025302520245524452435302529702965292029102865285528102800
0603174010318600264500500265500013565001361530602860278527752765270526952690262526152605254525352525246024502440302529752965292029152870286028152805
0603186010319800265500500266500013616001366730652865279027802770271027002695263026202610255025402530246524552445303029802970292529152870286528152810
0603198010321000266500500267500013668001371830652865279027852775271527052695263526252615255525452535247024602455303529802975293029202875286528202815
0603210010322200267500500268500013719001376930702870279527902780272027102700264026302620256025502540247524702460303529852980293529252880287028252815
0603222010323400268500500269500013770001382130752875280027952785272527152705264526352625256525552545248524752465304029902980294029302885287528302820
0603234010324600269500500270500013822001387230752880280527952790273027202710265026402630257025602550249024802470304529952985294029352890288028352825
0603246010325800270500500271500013873001392330802885281028002795273527252715265526452635257525652555249524852475304529952990294529352890288528402830
0603258010327000271500500272500013924001397430852885281528052800274027302720266026502640258025702560250024902480305030002995295029402895289028452835
0603270010328200272500500273500013975001402630852890282028102800274027352725266526552645258525752565250524952485305530052995295529452900289028452840
0603282010329400273500500274500014027001407730902895282028152805274527402730267026602650259025802570251025002490305530053000295529502905289528502840
0603294010330600274500500275500014078001412830952900282528202810275027452735267526652655259525852575251525052495306030103005296029502910290028552845
0603306010331800275500500276500014129001417930952905283028252815275527452740268026702660260025902580252025102500306530153005296529552910290528602850
0603318010333000276500500277500014180001423131002905283528252820276027502745268526752665260525952585252525152505306530203010297029602915290528652855
0603330010334200277500500278500014232001428231052910284028302825276527552750269026802670261026002590253025202510307030203015297029652920291028652860
0603342010335400278500500279500014283001433331052915284528352825277027602750269026852675261526052595253525252520307530253015297529652925291528702860
0603354010336600279500500280500014334001438531102920284528402830277527652755269526902680262026102600254025302525307530303020298029702925292028752865
0603366010337800280500500281500014386001443631102920285028452835277527702760270026952685262526152605254525352530308030303025298029752930292028802870
0603378010339000281500500282500014437001448731152925285528452840278027752765270526952690263026202610255025402535308530353025298529752935292528852875
0603390010340200282500500283500014488001453831202930286028502845278527802770271027002695263526252615255525452540308530403030299029802940293028852880
0603402010341400283500500284500014539001459031202935286528552845279027802775271527052700264026302620256025502545309030403035299029852940293528902880
0603414010342600284500500285500014591001464131252935286528602850279527852780272027102700264526352625256525552550309530453035299529902945293528952885
0603426010343800285500500286500014642001469231302940287028652855280027902780272527152705265026402630257025602555309530503040300029902950294029002890
0603438010345000286500500287500014693001474431302945287528652860280027952785273027202710265526452635257525652560310030503045300529952955294529002895
0603450010346200287500500288500014745001479531352950288028702865280528002790273527252715265526502640258025702565310030553045300530002955295029052900
0603462010347400288500500289500014796001484631352950288028752865281028002795273527302720266026552645258525752570310530603050301030002960295029102900
0603474010348600289500500290500014847001489731402955288528802870281528052800274027352725266526602650259025802575311030603055301530052965295529152905
0603486010349800290500500291500014898001494931452960289028802875282028102805274527352730267026652655259525852580311030653055301530102965296029152910
0603498010351000291500500292500014950001500031452960289528852880282528152805275027402735267526652660260025902585311530703060302030102970296029202915
0603510010352200292500500293500015001001505131502965289528902880282528202810275527452740268026702665260525952585311530703065302530152975296529252915
0603522010353400293500500294500015052001510331502970290028952885283028252815276027502740268526752670261026002590312030753065302530202975297029302920
0603534010354600294500500295500015104001515431552970290528952890283528252820276027552745269026802670261526052595312530753070303030202980297529302925
0603546010355800295500500296500015155001520531602975291029002895284028302825276527602750269526852675262026102600312530803075303030252985297529352925
0603558010357000296500500297500015206001525631602980291029052895284028352825277027602755269526902680262526152605313030853075303530302990298029402930
0603570010358200297500500298500015257001530831652980291529102900284528402830277527652760270026952685263026202610313030853080304030302990298529402935
0603582010359400298500500299500015309001535931652985292029102905285028402835278027702765270527002690263526252615313530903080304030352995298529452940
0603594010360600299500500300500015360001541031702990292529152910285528452840278527752765271027002695263526302620314030903085304530403000299029502940
0603606010361800300500500301500015411001546231702995292529202910285528502840278527802770271527052700264026352625314030953090305030403000299529552945
0603618010363000301500500302500015463001551331752995293029252915286028552845279027852775272027102705264526402630314531003090305030453005299529552950
0603630010364200302500500303500015514001556431803000293529252920286528602850279527852780272527152705265026402635314531003095305530503010300029602950
0603642010365400303500500304500015565001561531803000293529302920287028602855280027902785272527202710265526452640315031053095306030503010300529652955
0603654010366600304500500305500015616001566731853005294029352925287028652855280527952785273027252715266026502645315031053100306030553015300529652960
0603666010367800305500500306500015668001571831853010294529352930287528702860280528002790273527302720266526552645315531103105306530553020301029702960
0603678010369000306500500307500015719001576931903010294529402935288028702865281028052795274027302725267026602650315531153105306530603020301529752965
0603690010370200307500500308500015770001582131903015295029452935288528752870281528052800274527352730267026652655316031153110307030653025301529752970
0603702010371400308500500309500015822001587231953020295529452940288528802870282028102805275027402730267526702660316531203110307530653025302029802970
0603714010372600309500500310500015873001592331953020296029502945289028852875282028152805275027452735268026752665316531203115307530703030302529852975
0603726010373800310500500311500015924001597432003025296029552945289528852880282528202810275527502740268526752670317031253115308030703035302529852980
0603738010375000311500500312500015975001602632003030296529552950290028902885283028202815276027502745269026802675317031253120308030753035303029902980
0603750010376200312500500313500016027001607732053030297029602955290028952885283528252820276527552750269526852680317531303125308530803040303029952985
0603762010377400313500500314500016078001612832053035297029652955290529002890283528302820277027602755270026902680317531353125309030803045303529952990
0603774010378600314500500315500016129001617932103035297529652960291029002895284028352825277027652755270026952685318031353130309030853045304030002990
0603786010379800315500500316500016180001623132153040297529702965291029052895284528352830277527702760270527002690318031403130309530853050304030052995
0603798010381000316500500317500016232001628232153045298029752965291529102900285028402835278027702765271027002695318531403135309530903050304530053000
0603810010382200317500500318500016283001633332203045298529752970292029102905285028452835278527752770271527052700318531453135310030953055305030103000
0603822010383400318500500319500016334001638532203050298529802975292029152910285528502840278527802770272027102705319031453140310530953060305030103005
0603834010384600319500500320500016386001643632253055299029852975292529202910286028502845279027852775272027152705319031503145310531003060305530153010
0603846010385800320500500321500016437001648732253055299529852980293029202915286528552850279527902780272527202710319531503145311031003065305530203010
0603858010387000321500500322500016488001653832303060299529902985293029252920286528602850280027902785273027202715319531553150311031053065306030203015
0603870010388200322500500323500016539001659032303060300029952985293529302920287028652855280527952785273527252720320031603150311531053070306030253015
0603882010389400323500500324500016591001664132353065300529952990294029302925287528652860280528002790274027302725320531603155311531103075306530303020
0603894010390600324500500325500016642001669232353070300530002995294529352930287528702860281028052795274027352725320531653155312031153075307030303025
0603906010391800325500500326500016693001674432403070301030052995294529402930288028752865281528052800274527402730320531653160312031153080307030353025
0603918010393000326500500327500016745001679532403075301030053000295029402935288528752870282028102805275027402735321031703160312531203080307530353030
0603930010394200327500500328500016796001684632453075301530103000295029452940289028802875282028152805275527452740321531703165313031203085307530403035
0603942010395400328500500329500016847001689732453080302030103005295529502940289028852875282528202810276027502745321531753165313031253085308030453035
0603954010396600329500500330500016898001694932503080302030153010296029502945289528852880283028202815276027552745321531753170313531253090308530453040
0603966010397800330500500331500016950001700032503085302530203010296029552950290028902885283028252815276527602750322031803170313531303095308530503040
0603978010399000331500500332500017001001705132553090303030203015296529602950290028952885283528302820277027602755322031803175314031303095309030503045
0603990010400200332500500333500017052001710332553090303030253015297029602955290528952890284028302825277527652760322531853175314031353100309030553045
0604002010401400333500500334500017104001715432553095303530253020297029652960291029002895284528352830277527702760322531853180314531353100309530603050
0604014010402600334500500335500017155001720532603095303530303025297529702960291029052895284528402830278027752765323031903180314531403105309530603055
0604026010403800335500500336500017206001725632603100304030353025298029702965291529102900285028452835278527752770323031903185315031453105310030653055
0604038010405000336500500337500017257001730832653100304030353030298029752965292029102905285528452840279027802775323531953185315031453110310030653060
0604050010406200337500500338500017309001735932653105304530403035298529752970292029152905285528502840279027852775323531953190315531503110310530703060
0604062010407400338500500339500017360001741032703105305030403035298529802975292529152910286028552845279527902780324032003190315531503115311030703065
0604074010408600339500500340500017411001746232703110305030453040299029852975293029202915286528552850280027902785324032003195316031553120311030753070
0604086010409800340500500341500017463001751332753115305530503040299529852980293029252915286528602855280027952790324532053195316031553120311530803070
0604098010411000341500500342500017514001756432753115305530503045299529902985293529252920287028652855280528002790324532053200316531603125311530803075
0604110010412200342500500343500017565001761532803120306030553045300029952985293529302925287528652860281028002795325032103200317031603125312030853075
0604122010413400343500500344500017616001766732803120306530553050300529952990294029352925288028702865281528052800325032103205317031653130312030853080
0604134010414600344500500345500017668001771832803125306530603055300530002990294529352930288028752865281528102800325532153205317031653130312530903080
0604146010415800345500500346500017719001776932853125307030603055301030002995294529402935288528752870282028152805325532153210317531703135312530903085
0604158010417000346500500347500017770001782132853130307030653060301030053000295029452935289028802875282528152810326032203210318031703135313030953085
0604170010418200347500500348500017822001787232903130307530703060301530103000295529452940289028852875282528202815326032203215318031753140313030953090
0604182010419400348500500349500017873001792332903135307530703065301530103005295529502945289528852880283028252815326032253215318031753140313531003095
0604194010420600349500500350500017924001797432953135308030753065302030153005296029552945289528902885283528252820326532253220318531803145313531003095
0604206010421800350500500351500017975001802632953140308030753070302530153010296529552950290028952885284028302825326532303220318531803145314031053100
0604218010423000351500500352500018027001807733003140308530803070302530203015296529602950290528952890284028352825327032303225319031853150314031103100
0604230010424200352500500353500018078001812833003145309030803075303030203015297029602955290529002895284528352830327032303225319031853150314531103105
0604242010425400353500500354500018129001817933003145309030853080303030253020297029652960291029052895285028402835327532353230319531903155314531153105
0604254010426600354500500355500018180001823133053150309530853080303530303020297529702960291529052900285028452835327532353230319531903155315031153110
0604266010427800355500500356500018232001828233053150309530903085303530303025298029702965291529102905285528452840327532403235320031953160315031203110
0604278010429000356500500357500018283001833333103155310030903085304030353025298029752965292029152905286028502845328032403235320031953160315531203115
0604290010430200357500500358500018334001838533103155310030953090304530353030298529752970292529152910286028552845328032453235320532003165316031253115
0604302010431400358500500359500018386001843633153160310531003090304530403035298529802975292529202915286528602850328532453240320532003165316031253120
0604314010432600359500500360500018437001848733153160310531003095305030403035299029852975293029202915287028602855328532503240321032003170316031303120
0604326010433800360500500361500018488001853833153165311031053095305030453040299029852980293029252920287028652855329032503245321032053170316531303125
0604338010435000361500500362500018539001859033203165311031053100305530503040299529902980293529302920287528652860329032503245321532053175316531353125
0604350010436200362500500363500018591001864133203170311531103100305530503045300029902985294029302925287528702865329032553250321532103175317031353130
0604362010437400363500500364500018642001869233253170311531103105306030553045300029952990294029352930288028752865329532553250322032103180317031403130
0604374010438600364500500365500018693001874433253175312031153105306030553050300530002990294529402930288528752870329532603255322032153180317531403135
0604386010439800365500500366500018745001879533303175312031153110306530603055300530002995295029402935288528802875330032603255322532153185317531453135
0604398010441000366500500367500018796001884633303180312531203110307030603055301030052995295029452935289028852875330032653255322532203185318031453140
0604410010442200367500500368500018847001889733303180312531203115307030653060301530053000295529452940289528852880330532653260322532203190318031503140
0604422010443400368500500369500018898001894933353185313031253120307530653060301530103005295529502945289528902885330532703260323032253190318531503145
0604434010444600369500500370500018950001900033353185313031253120307530703065302030103005296029552945290028952885330532703265323032253195318531553145
0604446010445800370500500371500019001001905133353190313531303125308030703065302030153010296029552950290528952890331032703265323532303195319031553150
0604458010447000371500500372500019052001910333403190313531303125308030753070302530153010296529602950290529002890331032753270323532303200319031603150
0604470010448200372500500373500019104001915433403195314031353130308530803070302530203015297029602955291029002895331532753270324032303200319531603155
0604482010449400373500500374500019155001920533453195314031353130308530803075303030253015297029652960291029052900331532803270324032353200319531653155
0604494010450600374500500375500019206001925633453195314531403135309030853075303030253020297529652960291529102900331532803275324532353205320031653160
0604506010451800375500500376500019257001930833453200314531403135309030853080303530303020297529702965292029102905332032803275324532403205320031703160
0604518010453000376500500377500019309001935933503200315031453140309530903080304030303025298029752965292029152910332032853280324532403210320531703165
0604530010454200377500500378500019360001941033503205315031453140309530903085304030353025298529752970292529152910332032853280325032453210320531753165
0604542010455400378500500379500019411001946233553205315531503140310030953085304530353030298529802975292529202915332532903285325032453215320531753170
0604554010456600379500500380500019463001951333553210315531503145310030953090304530403035299029802975293029252915332532903285325532453215321031753170
0604566010457800380500500381500019514001956433553210316031553145310531003090305030403035299029852980293529252920333032953285325532503220321031803175
0604578010459000381500500382500019565001961533603215316031553150310531003095305030453040299529852980293529302925333032953290326032503220321531803175
0604590010460200382500500383500019616001966733603215316531603150311031053095305530453040299529902985294029302925333032953290326032553220321531853180
0604602010461400383500500384500019668001971833653220316531603155311031053100305530503045300029952985294029352930333533003295326032553225322031853180
0604614010462600384500500385500019719001976933653220317031653155311531103100306030553045300029952990294529402930333533003295326532603225322031903185
0604626010463800385500500386500019770001982133653220317031653160311531103105306030553050300530002990295029402935334033003295326532603230322531903185
0604638010465000386500500387500019822001987233703225317531653160312031153105306530603050301030002995295029452940334033053300327032603230322531953185
0604650010466200387500500388500019873001992333703225317531703165312031153110306530603055301030053000295529452940334033053300327032653235322531953190
0604662010467400388500500389500019924001997433703230317531703165312531203110307030653055301530053000295529502945334533103305327032653235323032003190
0604674010468600389500500390500019975002002633753230318031753170312531203115307030653060301530103005296029552945334533103305327532703235323032003195
0604686010469800390500500391500020027002007733753235318031753170313031253115307530703060302030103005296029552950334533103305327532703240323532003195
0604698010471000391500500392500020078002012833753235318531803175313031253120307530703065302030153010296529602950335033153310328032753240323532053200
0604710010472200392500500393500020129002017933803235318531803175313531303120308030753065302530203010297029602955335033153310328032753245324032053200
0604722010473400393500500394500020180002023133803240319031853175313531303125308030753070302530203015297029652960335533203310328032753245324032103205
0604734010474600394500500395500020232002028233853240319031853180314031303125308530803070303030253015297529652960335533203315328532803250324032103205
0604746010475800395500500396500020283002033333853245319531903180314031353130308530803075303030253020297529702965335533203315328532803250324532153205
0604758010477000396500500397500020334002038533853245319531903185314531353130309030853075303530303020298029702965336033253320329032803250324532153210
0604770010478200397500500398500020386002043633903250319531903185314531403135309030853080303530303025298029752970336033253320329032853255325032203210
0604782010479400398500500399500020437002048733903250320031953190315031403135309530903080304030353025298529802970336033303320329032853255325032203215
0604794010480600399500500400500020488002053833903250320031953190315031453140309530903085304030353030298529802975336533303325329532903260325532203215
0604806010481800400500500401500020539002059033953255320532003195315031453140310030953085304530403030299029852975336533303325329532903260325532253220
0604818010483000401500500402500020591002064133953255320532003195315531503145310030953090304530403035299029852980336533353330330032903260325532253220
0604830010484200402500500403500020642002069233953260321032053200315531503145310531003090305030453040299529902985337033353330330032953265326032303220
0604842010485400403500500404500020693002074434003260321032053200316031553150310531003095305030453040300029902985337033353330330032953265326032303225
0604854010486600404500500405500020745002079534003260321532053200316031553150311031053095305530503045300029952990337033403335330533003270326532303225
0604866010487800405500500406500020796002084634003265321532103205316531603150311031053100305530503045300529952990337533403335330533003270326532353230
0604878010489000406500500407500020847002089734053265321532103205316531603155311531103100306030553050300530002995337533403335331033003275326532353230
0604890010490200407500500408500020898002094934053270322032153210317031603155311531103105306030553050301030002995337533453340331033053275327032403235
0604902010491400408500500409500020950002100034053270322032153210317031653160312031103105306530603055301030053000338033453340331033053275327032403235
0604914010492600409500500410500021001002105134103270322532203215317031653160312031153110306530603055301530053000338033503340331533103280327532453235
0604926010493800410500500411500021052002110334103275322532203215317531703165312531153110307030653060301530103005338533503345331533103280327532453240
0604938010495000411500500412500021104002115434103275322532203215317531703165312531203115307030653060302030103005338533503345331533103280327532453240
0604950010496200412500500413500021155002120534153280323032253220318031753170312531203115307530703065302030153010338533553350332033153285328032503245
0604962010497400413500500414500021206002125634153280323032253220318031753170313031253120307530703065302530203010339033553350332033153285328032503245
0604974010498600414500500415500021257002130834153280323532303225318531803170313031253120308030753070302530203015339033553350332033153290328032553245
0604986010499800415500500416500021309002135934203285323532303225318531803175313531303125308030753070303030253015339033603355332533203290328532553250
0604998010501000416500500417500021360002141034203285323532303225319031803175313531303125308530803075303030253020339533603355332533203290328532553250
0605010010502200417500500418500021411002146234203285324032353230319031853180314031353125308530803075303530303020339533603355333033253295329032603255
0605022010503400418500500419500021463002151334253290324032353230319031853180314031353130309030853075303530303025339533653360333033253295329032603255
0605034010504600419500500420500021514002156434253290324532403235319531903185314531403130309030853080304030353025340033653360333033253295329032653255
0605046010505800420500500421500021565002161534253295324532403235319531903185314531403135309530903080304030353030340033653360333533303300329532653260
0605058010507000421500500422500021616002166734303295325032403235320031953190315031403135309530903085304530403030340033703365333533303300329532653260
0605070010508200422500500423500021668002171834303295325032453240320031953190315031453140310030953085304530403035340033703365333533303305329532703265
0605082010509400423500500424500021719002176934303300325032453240320031953190315031453140310030953090305030453035340533703365334033353305330032703265
0605094010510600424500500425500021770002182134353300325532503245320532003195315531503145310530953090305030453040340533753370334033353305330032703265
0605106010511800425500500426500021822002187234353300325532503245320532003195315531503145310531003095305530503040340533753370334033353310330532753270
0605118010513000426500500427500021873002192334353305325532503245321032053200316031553150311031003095305530503045341033753370334533403310330532753270
0605130010514200427500500428500021924002197434403305326032553250321032053200316031553150311031053100306030553045341033803375334533403310330532803270
0605142010515400428500500429500021975002202634403310326032553250321532103200316531603150311031053100306030553050341033803375334533403315331032803275
0605154010516600429500500430500022027002207734403310326532603255321532103205316531603155311531103105306530553050341533803375335033453315331032803275
0605166010517800430500500431500022078002212834453310326532603255321532103205316531603155311531103105306530603055341533853380335033453320331032853280
0605178010519000431500500432500022129002217934453315326532603255322032153210317031653160312031153110307030603055341533853380335533453320331532853280
0605190010520200432500500433500022180002223134453315327032653260322032153210317031653160312031153110307030653060342033853380335533503320331532903280
0605202010521400433500500434500022232002228234453315327032653260322532153210317531703165312531203110307530653060342033903385335533503325331532903285
0605214010522600434500500435500022283002233334503320327532703265322532203215317531703165312531203115307530703065342033903385336033503325332032903285
0605226010523800435500500436500022334002238534503320327532703265322532203215318031753165313031203115307530703065342533903385336033553325332032953285
0605238010525000436500500437500022386002243634503320327532703265323032253220318031753170313031253120308030753070342533953390336033553330332532953290
0605250010526200437500500438500022437002248734553325328032753270323032253220318031753170313031253120308030753070342533953390336533553330332532953290
0605262010527400438500500439500022488002253834553325328032753270323532303220318531803175313531303125308530803075343033953390336533603330332533003295
0605274010528600439500500440500022539002259034553325328032753270323532303225318531803175313531303125308530803075343034003395336533603335333033003295
0605286010529800440500500441500022591002264134603330328532803275323532303225319031853180314031353130309030853080343034003395337033653335333033003295
0605298010531000441500500442500022642002269234603330328532803275324032353230319031853180314031353130309030853080343034003395337033653335333033053300
0605310010532200442500500443500022693002274434603335328532853280324032353230319031853180314531403130309530903080343534053400337033653340333533053300
0605322010533400443500500444500022745002279534603335329032853280324032353230319531903185314531403135309530903085343534053400337533653340333533103300
0605334010534600444500500445500022796002284634653335329032853280324532403235319531903185314531403135310030903085343534053400337533703340333533103305
0605346010535800445500500446500022847002289734653340329532903285324532403235320031953190315031453140310030953090344034053400337533703345334033103305
0605358010537000446500500447500022898002294934653340329532903285325032453240320031953190315031453140310030953090344034103405337533703345334033153305
0605370010538200447500500448500022950002300034703340329532903285325032453240320031953190315531503145310531003095344034103405338033753345334033153310
0605382010539400448500500449500023001002305134703345330032953290325032453240320532003195315531503145310531003095344034103405338033753350334533153310
0605394010540600449500500450500023052002310334703345330032953290325532503245320532003195316031553145311031053100344534153410338033753350334533203315
0605406010541800450500500451500023104002315434703345330032953290325532503245321032053200316031553150311031053100344534153410338533803350334533203315
0605418010543000451500500452500023155002320534753350330533003295326032553245321032053200316031553150311531103100344534153410338533803355335033203315
0605430010544200452500500453500023206002325634753350330533003295326032553250321032053200316531603155311531103105345034203415338533803355335033253320
0605442010545400453500500454500023257002330834753350330533003295326032553250321532103205316531603155312031103105345034203415339033853355335033253320
0605454010546600454500500455500023309002335934803355331033053300326532603255321532103205317031653160312031153110345034203415339033853360335533253320
0605466010547800455500500456500023360002341034803355331033053300326532603255322032153210317031653160312031153110345034203420339033853360335533303325
0605478010549000456500500457500023411002346234803355331033053305326532603255322032153210317031653160312531203115345534253420339533903360335533303325
0605490010550200457500500458500023463002351334803360331533103305327032653260322032153210317531703165312531203115345534253420339533903365336033303325
0605502010551400458500500459500023514002356434853360331533103305327032653260322532203215317531703165313031253115345534253420339533903365336033353330
0605514010552600459500500460500023565002361534853360331533153310327032653260322532203215318031753170313031253120346034303425340033953365336033353330
0605526010553800460500500461500023616002366734853360332033153310327532703265323032203215318031753170313031253120346034303425340033953370336533353330
0605538010555000461500500462500023668002371834903365332033153310327532703265323032253220318031753170313531303125346034303425340033953370336533403335
0605550010556200462500500463500023719002376934903365332033203315328032753270323032253220318531803175313531303125346034353430340033953370336533403335
0605562010557400463500500464500023770002382134903365332533203315328032753270323532303225318531803175314031353130346534353430340534003375337033403335
0605574010558600464500500465500023822002387234903370332533203315328032753270323532303225319031853180314031353130346534353430340534003375337033453340
0605586010559800465500500466500023873002392334953370332533253320328532803275323532303225319031853180314531403130346534353430340534003375337033453340
0605598010561000466500500467500023924002397434953370333033253320328532803275324032353230319031853180314531403135347034403435341034053380337533453340
0605610010562200467500500468500023975002402634953375333033253320328532803275324032353230319531903185314531403135347034403435341034053380337533503345
0605622010563400468500500469500024027002407734953375333033303325329032853280324532353230319531903185315031453140347034403435341034053380337533503345
0605634010564600469500500470500024078002412835003375333533303325329032853280324532403235320031953190315031453140347034453440341534103380337533503345
0605646010565800470500500471500024129002417935003380333533303325329032853280324532403235320031953190315531503140347534453440341534103385338033553350
0605658010567000471500500472500024180002423135003380333533353330329532903285325032453240320031953190315531503145347534453440341534103385338033553350
0605670010568200472500500473500024232002428235003380334033353330329532903285325032453240320532003195315531503145347534453440341534103385338033553350
0605682010569400473500500474500024283002433335053385334033353330329532903285325032453240320532003195316031553150347534503445342034153390338533603355
0605694010570600474500500475500024334002438535053385334033353335330032953290325532503245321032003195316031553150348034503445342034153390338533603355
0605706010571800475500500476500024386002443635053385334533403335330032953290325532503245321032053200316531603150348034503445342034153390338533603355
0605718010573000476500500477500024437002448735103385334533403335330032953290325532503245321032053200316531603155348034503450342534203395339033603355
0605730010574200477500500478500024488002453835103390334533403340330533003295326032553250321532103205316531603155348534553450342534203395339033653360
0605742010575400478500500479500024539002459035103390335033453340330533003295326032553250321532103205317031653160348534553450342534203395339033653360
0605754010576600479500500480500024591002464135103390335033453340330533003295326032553250321532103205317031653160348534553450342534203395339033653360
0605766010577800480500500481500024642002469235153395335033453345331033053300326532603255322032153210317531703160348534603455343034253400339533703365
0605778010579000481500500482500024693002474435153395335533503345331033053300326532603255322032153210317531703165349034603455343034253400339533703365
0605790010580200482500500483500024745002479535153395335533503345331033053300327032653260322032153210317531703165349034603455343034253400339533703365
0605802010999999483500500999990024796009999935153400335533503345331533103305327032653260322532203215318031753170349034603455343534303405340033753370