0800000000019200000000000016000000000000082100000000000000000000000000000000000000000000000000000000000000000000000000000000000000000000000000000000
0800192010019800016000500016500000822000084600000000000000000000000000000000000000000000000000000000000000000000000000000000000000000000000000000000
0800198010020400016500500017000000847000087200000000000000000000000000000000000000000000000000000000000000000000000000000000000000000000000000000000
0800204010021000017000500017500000873000089700000000000000000000000000000000000000000000000000000000000000000000000000000000000000000000000000000000
0800210010021600017500500018000000898000092300000000000000000000000000000000000000000000000000000000000000000000000000000000000000000000000000000000
0800216010022200018000500018500000924000094900000000000000000000000000000000000000000000000000000000000000000000003000000000000000000000000000000000
0800222010022800018500500019000000950000097400000000000000000000000000000000000000000000000000000000000000000000007000000000000000000000000000000000
0800228010023400019000500019500000975000100000050000000000000000000000000000000000000000000000000000000000000000011000000000000000000000000000000000
0800234010024000019500500020000001001000102600450000000000000000000000000000000000000000000000000000000000000000014500000000000000000000000000000000
0800240010024600020000500020500001027000105100800000000000000000000000000000000000000000000000000000000000000000018000000000000000000000000000000000
0800246010025200020500500021000001052000107701200000000000000000000000000000000000000000000000000000000000000000021500000000000000000000000000000000
0800252010025800021000500021500001078000110301650000000000000000000000000000000000000000000000000000000000000000025000000000000000000000000000000000
0800258010026400021500500022000001104000112802000000000000000000000000000000000000000000000000000000000000000000028000000000000000000000000000000000
0800264010027000022000500022500001129000115402350000000000000000000000000000000000000000000000000000000000000000031500350000000000000000000000000000
0800270010027600022500500023000001155000117902700000000000000000000000000000000000000000000000000000000000000000034500700000000000000000000000000000
0800276010028200023000500023500001180000120503000000000000000000000000000000000000000000000000000000000000000000037001050010000000000000000000000000
0800282010028800023500500024000001206000123103300000000000000000000000000000000000000000000000000000000000000000040001400045000000000000000000000000
0800288010029400024000500024500001232000125603600000000000000000000000000000000000000000000000000000000000000000042501700080000000000000000000000000
0800294010030000024500500025000001257000128203900000000000000000000000000000000000000000000000000000000000000000045502000115000000000000000000000000
0800300010030600025000500025500001283000130804200000000000000000000000000000000000000000000000000000000000000000048002300145000000000000000000000000
0800306010031200025500500026000001309000133304450000000000000000000000000000000000000000000000000000000000000000050502600175000500000000000000000000
0800312010031800026000500026500001334000135904700000000000000000000000000000000000000000000000000000000000000000053002900205003500000000000000000000
0800318010032400026500500027000001360000138505000000000000000000000000000000000000000000000000000000000000000000055003150235007000000000000000000000
0800324010033000027000500027500001386000141005250000000000000000000000000000000000000000000000000000000000000000057503450265010000150000000000000000
0800330010033600027500500028000001411000143605450000000000000000000000000000000000000000000000000000000000000000059503700290013000500000000000000000
0800336010034200028000500028500001437000146205700000000000000000000000000000000000000000000000000000000000000000061503950320016000800000000000000000
0800342010034800028500500029000001463000148705950000000000000000000000000000000000000000000000000000000000000000064004200345019001100000000000000000
0800348010035400029000500029500001488000151306150000000000000000000000000000000000000000000000000000000000000000066004450370021501400000000000000000
0800354010036000029500500030000001514000153806350000000000000000000000000000000000000000000000000000000000000000068004650395024501650010000000000000
0800360010036600030000500030500001539000156406600000000000000000000000000000000000000000000000000000000000000000069504900420027001950040000000000000
0800366010037200030500500031000001565000159006800000000000000000000000000000000000000000000000000000000000000000071505100440029502200070000000000000
0800372010037800031000500031500001591000161507000000000000000000000000000000000000000000000000000000000000000000073505350465032002450095002000000000
0800378010038400031500500032000001616000164107150000000000000000000000000000000000000000000000000000000000000000075005550485034502700125005000000000
0800384010039000032000500032500001642000166707350000000000000000000000000000000000000000000000000000000000000000077005750505036502950150008000000000
0800390010039600032500500033000001668000169207550000000000000000000000000000000000000000000000000000000000000000078505950530039003200175010500000000
0800396010040200033000500033500001693000171807750000000000000000000000000000000000000000000000000000000000000000080506150550041003450205013000000000
0800402010040800033500500034000001719000174407900000000000000000000000000000000000000000000000000000000000000000082006300570043503650225015500150000
0800408010041400034000500034500001745000176908050000000000000000000000000000000000000000000000000000000000000000083506500585045503900250018000400000
0800414010042000034500500035000001770000179508250000000000000000000000000000000000000000000000000000000000000000085006700605047504100275020500700000
0800420010042600035000500035500001796000182108400000000000000000000000000000000000000000000000000000000000000000086506850625049504300300023000950025
0800426010043200035500500036000001822000184608550000000000000000000000000000000000000000000000000000000000000000088007050640051504500320025501200050
0800432010043800036000500036500001847000187208700020000000000000000000000000000000000000000000000000000000000000089507200660053504700340027501450075
0800438010044400036500500037000001873000189708850045000000000000000000000000000000000000000000000000000000000000091507350675055504900365030001650100
0800444010045000037000500037500001898000192309000065000000000000000000000000000000000000000000000000000000000000093007500695057005100385032001900125
0800450010045600037500500038000001924000194909150090000000000000000000000000000000000000000000000000000000000000094507650710059005300405034002150150
0800456010046200038000500038500001950000197409300110000000000000000000000000000000000000000000000000000000000000095507800725060505450425036002350170
0800462010046800038500500039000001975000200009450130000000000000000000000000000000000000000000000000000000000000097007950740062505650445038002600195
0800468010047400039000500039500002001000202609600150000000000000000000000000000000000000000000000000000000000000098508100755064005800460040002800215
0800474010048000039500500040000002027000205109700165000000000000000000000000000000000000000000000000000000000000100008250770065506000480042003000240
0800480010048600040000500040500002052000207709850185000000000000000000000000000000000000000000000000000000000000101008400785067506150500044003200260
0800486010049200040500500041000002078000210310000205000000000000000000000000000000000000000000000000000000000000102508550800069006350515046003400280
0800492010049800041000500041500002104000212810100220000000000000000000000000000000000000000000000000000000000000103508650815070506500535047503600300
0800498010050400041500500042000002129000215410250240000000000000000000000000000000000000000000000000000000000000104508800830072006650550049503800320
0800504010051000042000500042500002155000217910350255000000000000000000000000000000000000000000000000000000000000106008950840073506800570051003950340
0800510010051600042500500043000002180000220510450275000000000000000000000000000000000000000000000000000000000000107009050855075006950585053004150360
0800516010052200043000500043500002206000223110600290000000000000000000000000000000000000000000000000000000000000108009200870076007100600054504350375
0800522010052800043500500044000002232000225610750310001000050005000000000000000000000000000000000000000000000000109509350885077507250615056004500395
0800528010053400044000500044500002257000228210850325003000050005000000000000000000000000000000000000000000000000110509500900079007400630057504700415
0800534010054000044500500045000002283000230811000340005000050005000000000000000000000000000000000000000000000000111509600910080507500645059504850430
0800540010054600045000500045500002309000233311100355007000200010000000000000000000000000000000000000000000000000112509750925081507650660061005000445
0800546010055200045500500046000002334000235911250370008500400010000000000000000000000000000000000000000000000000113509850940083007800675062505150465
0800552010055800046000500046500002360000238511350385010500600010000000000000000000000000000000000000000000000000114509950950084007900690064005350480
0800558010056400046500500047000002386000241011450400012500750030000000000000000000000000000000000000000000000000115510100960085508050705065505500495
0800564010057000047000500047500002411000243611600415014000950050000000000000000000000000000000000000000000000000116510200975086508150715066505650510
0800570010057600047500500048000002437000246211700430016001150065000000000000000000000000000000000000000000000000117510300985088008300730068005800530
0800576010058200048000500048500002463000248711800445017501300085000000000000000000000000000000000000000000000000118510400995089008400745069505950545
0800582010058800048500500049000002488000251311900460019001450100000000000000000000000000000000000000000000000000119510551010090008550755071006100560
0800588010059400049000500049500002514000253812000470021001650120000000000000000000000000000000000000000000000000120510651020091008650770072006200575
0800594010060000049500500050000002539000256412100485022501800135000000000000000000000000000000000000000000000000121510751030092508750780073506350585
0800600010060600050000500050500002565000259012250500024001950155000000000000000000000000000000000000000000000000122510851040093508900795074506500600
0800606010061200050500500051000002591000261512350515025502150170000500050005000000000000000000000000000000000000123010951055095009050810076006650615
0800612010061800051000500051500002616000264112450530027502300190000500050005000000000000000000000000000000000000124011051065096509200820077506800630
0800618010062400051500500052000002642000266712550540029002450205002000050005000000000000000000000000000000000000125011151075097509300835078506950645
0800624010063000052000500052500002668000269212650555030502650220004000050005000000000000000000000000000000000000126011301085099009450845080007050660
0800630010063600052500500053000002693000271812750570032002800240006000150010000000000000000000000000000000000000127011401095100009550860081507200675
0800636010064200053000500053500002719000274412900580033502950255007500350010000000000000000000000000000000000000128011501110101009700870082507350690
0800642010064800053500500054000002745000276913000595035003100270009500500010000000000000000000000000000000000000129011601120102009800880084007450700
0800648010065400054000500054500002770000279513100605036503250285011000700025000000000000000000000000000000000000129511701130103509900895085007600715
0800654010066000054500500055000002796000282113200620038003400300012500850045000000000000000000000000000000000000130511801140104510050905086007750730
0800660010066600055000500055500002822000284613300630039503550315014501050060000000000000000000000000000000000000131511901150105510150915087507850740
0800666010067200055500500056000002847000287213350645041003700330016001200080000000000000000000000000000000000000132512001160106510250930088507950755
0800672010067800056000500056500002873000289713450655042503850345017501350095000000000000000000000000000000000000133012051170107510350940089508100765
0800678010068400056500500057000002898000292313550670043504000360019001500110000000000000000000000000000000000000134012151180108510450950091008200780
0800684010069000057000500057500002924000294913650680045004150375021001700130000500050005000000000000000000000000135012251185109510550965092008350790
0800690010069600057500500058000002950000297413750695046504250390022501850145000500050005000000000000000000000000136012351195110510650975093508450800
0800696010070200058000500058500002975000300013850705047504400400024002000160000500050005000000000000000000000000136512451205111510800985094508550815
0800702010070800058500500059000003001000302613950720049004550415025502150175001000050005000000000000000000000000137512501215112510900995095508650825
0800708010071400059000500059500003027000305114000730050504650430027002300190002500050005000000000000000000000000138512601225113511001005096508800835
0800714010072000059500500060000003052000307714100740051504800445028502450205004000050005000000000000000000000000139012701230114511051020098008900850
0800720010072600060000500060500003078000310314200755053004900455029502600220006000200010000000000000000000000000140012751240115511151030099009000860
0800726010073200060500500061000003104000312814250765054005050470031002750235007500350010000000000000000000000000140512851250116511251040100009100870
0800732010073800061000500061500003129000315414350775055505150480032502900250009000500010000000000000000000000000141512951260117511351050101009200880
0800738010074400061500500062000003155000317914450785056505300495034003050265010500650030000000000000000000000000142013001265118011451060102009300890
0800744010075000062000500062500003180000320514500795057505400505035503150280012000800045000000000000000000000000143013101275119011551070103009400900
0800750010075600062500500063000003206000323114600810059005550520036503300295013501000060000000000000000000000000144013151285120011651080104009500910
0800756010076200063000500063500003232000325614650820060005650530038003450305015001150075000000000000000000000000144513251290121011701085105009600920
0800762010076800063500500064000003257000328214750830061505800545039503550320016501300090000000000000000000000000145513351300121511801095106009700930
0800768010077400064000500064500003283000330814850840062505900560040503700335018001450105000500050005000000000000146013401310122511901105107009850945
0800774010078000064500500065000003309000333314900850063506050570042003850350019501600120000500050005000000000000147013501315123512001115108009950955
0800780010078600065000500065500003334000335915000865065006150580043003950360021001750135000500050005000000000000147513601325124012051125109010050965
0800786010079200065500500066000003360000338515050875066006250595044504100375022501850150000500050005000000000000148513651335125012151135109510150975
0800792010079800066000500066500003386000341015150885067006400605045504200385023502000165001000050005000000000000149013751340125512251140110510250985
0800798010080400066500500067000003411000343615200895068506500620047004350400025002150180002500050005000000000000150013801350126512301150111510350995
0800804010081000067000500067500003437000346215250905069506600630048004450410026502300195004000050005000000000000150513901355127512401160112510401005
0800810010081600067500500068000003463000348715350915070506750640049004600425027502400205005500200010000000000000151513951365128012451165113010501015
0800816010082200068000500068500003488000351315400925071506850650050504700435029002550220007000350010000000000000152014051370129012551175114010601025
0800822010082800068500500069000003514000353815450935072506950665051504800450030502700235008500500015000000000000153014101380129512601185115010701035
0800828010083400069000500069500003539000356415550945073507050675052504950460031502800250010000650030000000000000153514151385130512701190116010801045
0800834010084000069500500070000003565000359015600955075007150685054005050475033002950260011500800045000000000000154014251395131012801200116510851050
0800840010084600070000500070500003591000361515650965076007300695055005200485034003100275013000950060000000000000155014351400132012851210117510951060
0800846010085200070500500071000003616000364115750970077007400710056005300495035503200285014501100075000500050005155514401410132512951215118011051070
0800852010085800071000500071500003642000366715800980078007500720057505400510036503350300015501200090000500050005156014451415133513001225119011151080
0800858010086400071500500072000003668000369215850990079007600730058505550520038003450310017001350100000500050005157014551425134013101230120011201090
0800864010087000072000500072500003693000371815951000080007700740059505650530039003600325018501500115000500050005157514601430135013151240120511301095
0800870010087600072500500073000003719000374416051010081007800750060505750545040003700335019501650130000500050005158014701440135513251245121511401105
0800876010088200073000500073500003745000376916101015082007900760062005850555041503800350021001750145000500050005158514751445136513301255122011451115
0800882010088800073500500074000003770000379516201025083008000770063006000565042503950360022001900155001500050005159514851455137013401260123011551120
0800888010089400074000500074500003796000382116251035084008100785064006100575043504050375023502000170003000050005160014901460137513451270123511601130
0800894010090000074500500075000003822000384616351045085008200795065006200590045004150385025002150180004500100005160514951470138513551275124511701135
0800900010090600075000500075500003847000387216401050086008300805066006300600046004300395026002300195005500250010161015051475139013601280125011801145
0800906010091200075500500076000003873000389716501060087008400815067006400610047004400410027502400210007000350010161515101480140013701290126011851155
0800912010091800076000500076500003898000392316551070088008500825068006500620048004500420028502550220008500500020162515151490140513751295126511951160
0800918010092400076500500077000003924000394916601075089008600830069006600630049504600430029502650235009500650030163015251495141013801305127512001170
0800924010093000077000500077500003950000397416701085090008700840070006750645050504750445031002750245011000750045163515301500142013901310128012101175
0800930010093600077500500078000003975000400016801095091008800850071506850655051504850455032002900260012500900060164015351510142513951320129012151185
0800936010094200078000500078500004001000402616851100091508900860072506950665052504950465033003000270013501050070164515401515143514051325129512201190
0800942010094800078500500079000004027000405116901110092509000870073507050675054005100475034503150280015001150085165015501520144014101335130512301200
0800948010095400079000500079500004052000407717001120093509100880074507150685055005200490035503250295016001300100166015551525144514201340131012351205
0800954010096000079500500080000004078000410317051125094509150890075507250695056005300500036503350305017501400110166515601535145514251345131512451215
0800960010096600080000500080500004104000412817151135095509250900076507350705057005400510038003450315018501550125167015651540146014301355132512501220
0800966010097200080500500081000004129000415417201140096009350905077507450715058005500520039003600330020001650135167515751545146514401360133012551225
0800972010097800081000500081500004155000417917251150097009450915078507550725059005600530040003700340021001800150168015801550147514451365133512651235
0800978010098400081500500082000004180000420517351160098009500925079007650735060005700545041003800350022001900160168515851560148014501375134512701240
0800984010099000082000500082500004206000423117401165098509600935080007750745061005800555042003900360023502050175169515901565148514601380135012751250
0800990010099600082500500083000004232000425617451175099509700945081007850755062005900565043004050375024502150185170015951570149514651385136012851255
0800996010100200083000500083500004257000428217551180100509750950082007950765063006050575044504150385026002250195170516001575150014701395136512901260
0801002010100800083500500084000004283000430817601190101009850960083008050775064006150585045504250395027002400210171016051580150514801400137013001270
0801008010101400084000500084500004309000433317651195102009950970084008100785065006250595046504350405028002500220171516151585151014851405138013051275
0801014010102000084500500085000004334000435917751205103010000975085008200795066006350605047504450420029002600230172016201595151514901415138513101285
0801020010102600085000500085500004360000438517801210103510100985085508300805067006450615048504600430030502750245172516251600152514951420139013201290
0801026010103200085500500086000004386000441017851220104510200995086508400815068006550625049504700440031502850255173016301605153015051425140013251295
0801032010103800086000500086500004411000443617901225105510301000087508500820069006650635050504800450032502950265173516351610153515101435140513301305
0801038010104400086500500087000004437000446218001235106010351010088508550830070006750645051504900460033503050280174016401615154015151440141013401310
0801044010105000087000500087500004463000448718051240107010451020089008650840071006850655053005000470034503200290174516451620154515201445142013451315
0801050010105600087500500088000004488000451318101250107510501030090008750850072006950665054005100480035503300300175016551630155515251450142513501325
0801056010106200088000500088500004514000453818151255108510601035091008850860073007050675055005200490036503400310175516601635156015301460143013551330
0801062010106800088500500089000004539000456418201265109510701045092008900865074007150685056005300500038003500320176016651640156515401465144013651335
0801068010107400089000500089500004565000459018301270110010751050092509000875075007250695057005400515039003600330176516701645157015451470144513701340
0801074010108000089500500090000004591000461518351275111010851060093509100885076007300705058005500525040003700345177016751650157515501475145013751350
0801080010108600090000500090500004616000464118401285111510951070094509200890077007400715059005600535041003800355177516801655158015551485145513851355
0801086010109200090500500091000004642000466718451290112511001075095009250900077507500725060005700545042003950365178016851660158515601490146513901360
0801092010109800091000500091500004668000469218501295113011101085096009350910078507600735061005800555043004050375178516901665159015651495147013951370
0801098010110400091500500092000004693000471818551305114011151090096509400915079507700745062005900565044004150385179016951675159515701500147514001375
0801104010111000092000500092500004719000474418601310114511251100097509500925080507800750062506000575045004250395179517001680160515801505148014101380
0801110010111600092500500093000004745000476918701315115511301110098509600935081007850760063506100585046004350405180017051685161015851510148514151390
0801116010112200093000500093500004770000479518751325116011401115099009700945082007950770064506200595047004450415180517101690161515901520149014201395
0801122010112800093500500094000004796000482118801330117011451125100009750950083008050780065506300605048004550430181017151695162015951525150014251400
0801128010113400094000500094500004822000484618851340117511551130101009850960084008150790066506400615049004650440181517201700162516001530150514351405
0801134010114000094500500095000004847000487218901345118511601140101509900970084508200795067506500625050004750450182017251705163016051535151014401415
0801140010114600095000500095500004873000489718951350119011701145102510000975085508300805068506600635051004850460182517301710163516101540151514451420
0801146010115200095500500096000004898000492319001360120011751155103010100985086508400815069506700640052004950470183017351715164016151545152014501425
0801152010115800096000500096500004924000494919051365120511851160104010150995087008450820070506750650053005050480183517401720164516251550152514551430
0801158010116400096500500097000004950000497419101370121011901165105010251000088008550830071006850660054005150490184017451725165016301555153014651440
0801164010117000097000500097500004975000500019151380122011951175105510301010089008650840072006950670055005250500184517501730165516351560153514701445
0801170010117600097500500098000005001000502619201385122512051180106510401015089508700845073007050680056005350510185017551735166016401565154514751450
0801176010118200098000500098500005027000505119251390123512101190107010501025090508800855074007150690057005450520185517601740167016451570155014801455
0801182010118800098500500099000005052000507719301400124012201195108010551030091008900865074507200695058005550530186017651745167516501575155514851460
0801188010119400099000500099500005078000510319351405124512251200108510651040092008950875075507300705059005650535186517701750168016551585156014901465
0801194010120000099500500100000005104000512819401410125512301210109510701050093009050880076507400715059505700545187017751755168516601590156514951470
0801200010120600100000500100500005129000515419451415126012401215110010801055093509150890077507500725060505800555187517801760169016651595157015001480
0801206010121200100500500101000005155000517919501425126512451225111010851065094509200900078007550735061505900565187517851765169516701600157515101485
0801212010121800101000500101500005180000520519551430127512551230111510951070095509300905079007650740062506000575188017901770170016751605158015151490
0801218010122400101500500102000005206000523119601435128012601240112511001080096009400915080007750750063506100585188517951775170516801610158515201495
0801224010123000102000500102500005232000525619651440129012651245113011101085097009450925080507850760064506200595189018001780171016851615159015251500
0801230010123600102500500103000005257000528219701450129512751255113511151095097509550930081507900765065506300605189518051785171016901620160015301505
0801236010124200103000500103500005283000530819751455130012801260114511201100098509600940082508000775066006350615190018101790171516951625160515351510
0801242010124800103500500104000005309000533319801460131012901265115011301105099509700945083008100785067006450620190518151795172017001630161015401515
0801248010125400104000500104500005334000535919901465131512951275116011351115100009800955084008150790068006550630191018201795172517051635161515451520
0801254010126000104500500105000005360000538519951470132013001280116511451120101009850965084508250800069006650640191018251800173017101640162015501525
0801260010126600105000500105500005386000541020001480133013101285117011501130101509950970085508300810069506750650191518301805173517151645162515551530
0801266010127200105500500106000005411000543620051485133513151295118011601135102510000980086508400815070506800660192018301810174017201650163015601540
0801272010127800106000500106500005437000546220101490134013201300118511651145103010100985087008500825071506900665192518351815174517251655163515651545
0801278010128400106500500107000005463000548720151500135013301310119511751150104010150995088008600835072507000675193018401820175017301665164015701550
0801284010129000107000500107500005488000551320201505135513351315120011801160104510251005089008650845073007100685193518451825175517351670164515801555
0801290010129600107500500108000005514000553820251510136513451320121011901165105510351010090008750850074007150695194018501830176017401675165015851560
0801296010130200108000500108500005539000556420301520137013501330121511951175106010401020090508850860075007250705194518551835176517451680165515901565
0801302010130800108500500109000005565000559020401525137513551335122512051180107010501025091508900870076007350710195018601840177017501685166015951570
0801308010131400109000500109500005591000561520451530138513651345123012101190108010551035092509000880076507450720195518651845178017551690166516001580
0801314010132000109500500110000005616000564120501535139013701350124012201195108510651040093009100885077507500730196018701850178517601695167016051585
0801320010132600110000500110500005642000566720551545139513751355124512251205109010701050094009150895078507600735196518751855178517651700167516101590
0801326010133200110500500111000005668000569220601550140013851365125512301210110010801055094509250905079007700745197018801860179517701705168016151595
0801332010133800111000500111500005693000571820651555141013901370126012401220110510851065095509350910080007750755197518851865180017751710168516201600
0801338010134400111500500112000005719000574420701560141513951375126512451225111510951070096509400920081007850765198018901870180517801715169016251605
0801344010135000112000500112500005745000576920751565142014051385127512551235112011001080097009500925081507950770198518951875181017851720169516351610
0801350010135600112500500113000005770000579520801575143014101390128012601240113011101085098009550935082508050780199019001880181017901725170516401615
0801356010136200113000500113500005796000582120851580143514151395129012701245113511151095098509650945083508100790199019051885181517951730171016451620
0801362010136800113500500114000005822000584620901585144014251405129512751255114511251100099509700950084008200795199519101890182018001735171516501625
0801368010137400114000500114500005847000587220951590145014301410130012801260115011301110100009800960085008300805200019151895182518051740172016551630
0801374010138000114500500115000005873000589721001600145514351415131012901270116011401115101009900965086008350815200519201900183018101745172516601635
0801380010138600115000500115500005898000592321051605146014451425131512951275116511451125101509950975086508450825201019251905183518151750173016651640
0801386010139200115500500116000005924000594921101610147014501430132013001280117511551130102510050980087508550830201519301910184018201755173516701645
0801392010139800116000500116500005950000597421151615147514551435133013101290118011601140103010100990088008600840202019351915184518251760174016751650
0801398010140400116500500117000005975000600021201620148014601445133513151295119011651145104010200995089008700845202519401920185018301765174516801655
0801404010141000117000500117500006001000602621251630148514701450134013201300119511751155104510251005090008750855203019451925185518351770175016851665
0801410010141600117500500118000006027000605121301635149514751455135013301310120011801160105510351010090508850865203519451930186018401775175516901665
0801416010142200118000500118500006052000607721351640150014801460135513351315121011901170106010401020091508950870204019501935186518451780176016951670
0801422010142800118500500119000006078000610321401645150514851470136013401325121511951175107010501025092009000880204519551940187018501785176517001675
0801428010143400119000500119500006104000612821451650151014951475137013501330122512051185107510551035093009100885204519601940187518551790177017051680
0801434010144000119500500120000006129000615421501660151515001480137513551335123012101190108510601040093509150895205019651945188018601795177517101690
0801440010144600120000500120500006155000617921551665152515051490138013601345123512151195109010701050094509250905205519701950188518651800178017151695
0801446010145200120500500121000006180000620521601670153015101495139013701350124512251205110010751055095009300910206019751955189018701805178517201700
0801452010145800121000500121500006206000623121651675153515201500139513751355125012301210110510851065096009400920206519801960189518751805179017251705
0801458010146400121500500122000006232000625621701680154015251505140013801365125512351220111010901070096509450925207019851965190018801810179517301710
0801464010147000122000500122500006257000628221751685155015301515140513901370126512451225112011001080097509550935207519851970190018851815179517351715
0801470010147600122500500123000006283000630821801695155515351520141513951375127012501230112511051085098009600940208019901975190518901820180017401720
0801476010148200123000500123500006309000633321801700156015451525142014001385127512551240113511151095099009700950208019951980191018951825180517451725
0801482010148800123500500124000006334000635921851705156515501530142514101390128512651245114011201100099509750955208520001985191518951830181017501730
0801488010149400124000500124500006360000638521901710157515551540143014151395129012701250115011301110100509850965209020051990192019001835181517551735
0801494010150000124500500125000006386000641021951715158015601545144014201400129512751260115511351115101009900970209520101995192519051840182017551740
0801500010150600125000500125500006411000643622001720158515651550144514251410130512851265116011401125102010000980210020151995193019101845182517601740
0801506010151200125500500126000006437000646222051730159015751555145014351415131012901270117011501130102510050985210520202000193519151850183017651745
0801512010151800126000500126500006463000648722101735159515801560145514401420131513001280117511551135103510150995211020252005194019201855183517701750
0801518010152400126500500127000006488000651322101740160015851570146514451425132513051285118011651145104010201000211520302010194019251860184017751755
0801524010153000127000500127500006514000653822151745161015901575147014501435133013101290119011701150105010301010212020302015194519301865184517801760
0801530010153600127500500128000006539000656422201750161515951580147514551440133513201300119511751155105510351015212020352020195019351870185017851765
0801536010154200128000500128500006565000659022251755162016051585148014651445134513251305120511851165106510451025212520402025195519401875185517901770
0801542010154800128500500129000006591000661522301760162516101590149014701450135013301310121011901170107010501030213020452030196019451875186017951775
0801548010155400129000500129500006616000664122351765163016151600149514751460135513351320121511951180107510551040213520502030196519451880186518001780
0801554010156000129500500130000006642000666722401775164016201605150014851465136013451325122012051185108510651045214020552035197019501885187018051785
0801560010156600130000500130500006668000669222451780164516251610150514901470137013501330123012101190109010701050214520602040197519551890187518101790
0801566010157200130500500131000006693000671822501785165016351615151014951475137513551340123512151200110010801060215020652045198019601895187518101795
0801572010157800131000500131500006719000674422551790165516401620152015001485138013651345124012251205110510851065215520652050198519651900188018151800
0801578010158400131500500132000006745000676922601795166016451630152515051490138513701350125012301210111010901075215520702055198519701905188518201805
0801584010159000132000500132500006770000679522651800166516501635153015151495139513751355125512351220112011001080216020752060199019751910189018251810
0801590010159600132500500133000006796000682122701805167516551640153515201500140013801365126012451225112511051085216520802065199519801915189518301815
0801596010160200133000500133500006822000684622701815168016601645154515251510140513901370127012501230113011151095217020852070200019851915190018351820
0801602010160800133500500134000006847000687222801820168516701650155015301515141013951375127512551240114011201100217520902075200519901920190518401820
0801608010161400134000500134500006873000689722801825169016751660155515351520142014001380128012651245114511251110218020952075201019901925191018451825
0801614010162000134500500135000006898000692322851830169516801665156015451525142514051390129012701250115011351115218521002080201519951930191518501830
0801620010162600135000500135500006924000694922901835170016851670156515501530143014151395129512751260116011401120219021002085202020001935192018551835
0801626010163200135500500136000006950000697422951840170516901675157015551540143514201400130012851265116511451130219521052090202020051940192018601840
0801632010163800136000500136500006975000700023001845171016951680158015601545144514251410130512901270117011551135219521102095202520101945192518651845
0801638010164400136500500137000007001000702623051855172017051685158515651550145014301415131512951280118011601140220021152100203020151950193018651850
0801644010165000137000500137500007027000705123101860172517101695159015751555145514401420132013001285118511651150220521202105203520201955193518701855
0801650010165600137500500138000007052000707723151865173017151700159515801565146014451425132513101290119011751155221021252110204020251955194018751860
0801656010166200138000500138500007078000710323201870173517201705160015851570146514501435133513151295120011801160221521302115204520301960194518801865
0801662010166800138500500139000007104000712823201875174017251710160515901575147514551440134013201305120511851170222021352115205020301965195018851865
0801668010167400139000500139500007129000715423251880174517301715161515951580148014601445134513251310121011951175222521352120205520351970195518901870
0801674010168000139500500140000007155000717923301890175517351720162016051585148514701450135013351315122012001180223021402125205520401975196018951875
0801680010168600140000500140500007180000720523351895176017451725162516101590149014751455135513401320122512051190223521452130206020451980196019001880
0801686010169200140500500141000007206000723123401900176517501735163016151600149514801465136513451330123012151195224021502135206520501985196519001885
0801692010169800141000500141500007232000725623451905177017551740163516201605150514851470137013501335123512201200224521552140207020551985197019051890
0801698010170400141500500142000007257000728223451910177517601745164016251610151014901475137513601340124512251210225021602145207520601990197519101895
0801704010171000142000500142500007283000730823501920178017651750165016301615151515001480138013651350125012351215225521652150208020601995198019151900
0801710010171600142500500143000007309000733323551925178517701755165516351620152015051485139013701355125512401220226021702155208520652000198519201905
0801716010172200143000500143500007334000735923601930179517801765166016451630152515101495139513801360126512451230226521752160209020702005199019251910
0801722010172800143500500144000007360000738523651935180017851770166516501635153015151500140013851365127012501235227021752160209020752010199519301910
0801728010173400144000500144500007386000741023701945180517901775167016551640154015201505140513901375127512601240227521802165209520802015199519351915
0801734010174000144500500145000007411000743623751950181017951780167516601645154515301510141513951380128012651245228021852170210020852020200019401920
0801740010174600145000500145500007437000746223751955181518001785168016651650155015351515142014001385129012701255228521902175210520902020200519401925
0801746010175200145500500146000007463000748723801960182018051790169016701655155515401525142514101390129512751260229021952180211020952025201019451930
0801752010175800146000500146500007488000751323851965183018151800169516801665156015451530143014151395130012851265229522002185211521002030201519501935
0801758010176400146500500147000007514000753823901975183518201805170016851670156515501535143514201405130512901270230022052190212021002035202019551940
0801764010177000147000500147500007539000756423901980184018251810170516901675157515551540144014251410131012951280230522102195212021052040202519601940
0801770010177600147500500148000007565000759023951985184518301815171016951680158015651545145014301415132013001285231022152200212521102045202519651945
0801776010178200148000500148500007591000761524001990185518401825171517001685158515701550145514351420132513101290231522202205213021152045203019651950
0801782010178800148500500149000007616000764124051995186018451830172517051690159015751560146014451425133013151295232022252210213521202050203519701955
0801788010179400149000500149500007642000766724102000186518501835173017151700159515801565146514501435133513201305232522302215214021252055204019751960
0801794010180000149500500150000007668000769224102010187018551840173517201705160015851570147014551440134513251310233022352220214521302060204519801965
0801800010180600150000500150500007693000771824152015188018651850174017251710161015901575148014601445135013351315233522402225215021352065205019851970
0801806010181200150500500151000007719000774424202020188518701855174517301715161516001580148514701450135513401320234022452230215521402070205519901975
0801812010181800151000500151500007745000776924252025189018751860175017351720162016051590149014751455136013451330234022502235216021452075206019951975
0801818010182400151500500152000007770000779524252030189518801865176017451725162516101595149514801465136513501335235022552240216521502080206519951980
0801824010183000152000500152500007796000782124302035190018901875176517501735163016151600150014851470137513551340235022602245216521502080206520001985
0801830010183600152500500153000007822000784624352040191018951880177017551740163516201605150514901475138013651345235522652250217521602085207020051990
0801836010184200153000500153500007847000787224402045191519001885177517601745164016251610151514951480138513701350236022702255217521602090207520101995
0801842010184800153500500154000007873000789724402055192019051890178017651750165016351615152015051485139013751360236522752260218021652095208020152000
0801848010185400154000500154500007898000792324452060192519101900179017751760165516401625152515101495139513801365237022802265218521702100208520202005
0801854010186000154500500155000007924000794924502065193019151905179517801765166016451630153015151500140513851370237522852270219021752105209020252005
0801860010186600155000500155500007950000797424552070193519251910180017851770166516501635153515201505141013901375238022902275219521802110209520252010
0801866010187200155500500156000007975000800024552075194519301915180517901775167016551640154015251510141514001380238522952280220021902115210020302015
0801872010187800156000500156500008001000802624602080195019351920181518001785167516601645155015301515142014051390239023002285220521902115210020352020
0801878010188400156500500157000008027000805124652085195519401925182018051790168516651650155515401520142514101395239023052290221021952120210520402025
0801884010189000157000500157500008052000807724652090196019451935182518101795169016751660156015451530143014151400239523102295221522002125211020452030
0801890010189600157500500158000008078000810324702095196519501940183018151800169516801665156515501535144014201405240023102300222022052130211520502035
0801896010190200158000500158500008104000812824752100197019601945183518251810170016851670157015551540144514301410240523152305222522102135212020552040
0801902010190800158500500159000008129000815424802105197519651950184518301815170516901675157515601545145014351420241023202310223022152140212520552040
0801908010191400159000500159500008155000817924802110198019701955185018351820171017001685158015651550145514401425241523252310223522202145213020602045
0801914010192000159500500160000008180000820524852115199019751960185518401825172017051690159015751555146014451430242023302315224022252150213520652050
0801920010192600160000500160500008206000823124902120199519801965186018451830172517101695159515801565146514501435242023352320224522302155214020702055
0801926010193200160500500161000008232000825624902125200019851970186518501840173017151700160015851570147514551440242523402325225022352160214520752060
0801932010193800161000500161500008257000828224952130200519901980187518601845173517251710160515901575148014651445243023452330225522402165215020802065
0801938010194400161500500162000008283000830825002135201019951985188018651850174517301715161015951580148514701455243523502335226022452170215520852070
0801944010195000162000500162500008309000833325002140201520001990188518701855175017351720161516001585149014751460244023502340226522502175216020852070
0801950010195600162500500163000008334000835925052145202020051995189018751860175517401725162516101595149514801465244523552345227022552180216520902075
0801956010196200163000500163500008360000838525102150202520102000189518801865176017451735163016151600150014851470244523602350227522602185217020952080
0801962010196800163500500164000008386000841025102155203020202005190018901875177017551740163516201605151014901475245023652355228022652190217521002085
0801968010197400164000500164500008411000843625152160203520252010190518951880177517601745164016251610151515001485245523702355228522702195218021052090
0801974010198000164500500165000008437000846225202165204020302015191019001885178017651750164516301615152015051490246023752360228522752200218521102095
0801980010198600165000500165500008463000848725202170204520352020192019051890178517701760165016401625152515101495246523802365229022802205219021152100
0801986010199200165500500166000008488000851325252175205020402025192519101895179017801765166016451630153015151500246523852370229522852210219521202105
0801992010199800166000500166500008514000853825302180205520452030193019151900180017851770166516501635153515201505247023852375230022852215220021252110
0801998010200400166500500167000008539000856425352185206020502035193519201905180517901775167016551640154015251510247523902380230522902220220521302115
0802004010201000167000500167500008565000859025352190206520552040194019251915181017951780167516601645155015351520248023952380231022952220221021352120
0802010010201600167500500168000008591000861525402195207020602045194519301920181518001785168516701655155515401525248024002385231523002225221021402125
0802016010202200168000500168500008616000864125452200208020652050195019401925182018051795169016751660156015451530248524052390232023052230222021452130
0802022010202800168500500169000008642000866725502205208020702055195519451930182518151800169516801665156515501535249024052395232523102235222021502135
0802028010203400169000500169500008668000869225502210209020752060196019501935183518201805170016851675157015551540249524102400232523152240222521552140
0802034010204000169500500170000008693000871825552215209520802065196519551940184018251810170516951680157515601545250024152405233023202245223021602145
0802040010204600170000500170500008719000874425602220209520852070197019601945184518301815171517001685158015701555250024202405233523202250223521652150
0802046010205200170500500171000008745000876925652225210520902075198019651950185018351820172017051690159015751560250524252410234023252255224021702155
0802052010205800171000500171500008770000879525652225210520952080198519701955185518401830172517101695159515801565251024302415234523302260224521702160
0802058010206400171500500172000008796000882125702230211021002085199019751960186018451835173017151705160015851570251524302420235023352265225021752160
0802064010207000172000500172500008822000884625752235211521052090199519801965186518551840173517251710160515901575251524352425235523402270225521802170
0802070010207600172500500173000008847000887225752240212021102095200019851970187018601845174517301715161016001585252024402425235523452270226021852170
0802076010208200173000500173500008873000889725802245212521152100200519901980188018651850175017351720162016051590252524452430236023502275226521902175
0802082010208800173500500174000008898000892325852250213021202105201019951985188518701855175517401725162516101595253024502435236523502280226521952180
0802088010209400174000500174500008924000894925902255213521252110201520001990189018751860176017451735163016151600253024502440237023552285227022002185
0802094010210000174500500175000008950000897425902260214021302115202020051995189518801865176517551740163516251610253524552445237523602290227522052190
0802100010210600175000500175500008975000900025952265214521352120202520102000190018851870177017601745164516301615254024602445237523652295228022102195
0802106010211200175500500176000009001000902626002265215021402125203020152005190518901880178017651750165016351620254024652450238023702300228522152200
0802112010211800176000500176500009027000905126002270215521452130203520202010191018951885178517701755165516401625254524652455238523752305229022202205
0802118010212400176500500177000009052000907726052275216021452135204020252015191519001890179017751760166016451635255024702460239023752305229522252210
0802124010213000177000500177500009078000910326102280216521502140204520302020192019051895179517801765166516551640255524752460239523802310229522252215
0802130010213600177500500178000009104000912826152285217021552145205020352025192519151900180017851775167516601645255524802465239523852315230022302220
0802136010214200178000500178500009129000915426152290217521602150205520402030193019201905180517901780168016651650256024802470240023902320230522352220
0802142010214800178500500179000009155000917926202295218021652155206020452035193519251910181018001785168516701655256524852475240523952325231022402225
0802148010215400179000500179500009180000920526252295218021702160206520502040194019301915181518051790169016751665256524902475241023952330231522452230
0802154010216000179500500180000009206000923126252300218521752165207020552045194519351920182518101795169516851670257024952480241524002330232022502235
0802160010216600180000500180500009232000925626302305219021802165207520602050195019401925183018151800170516901675257524952485241524052335232522552240
0802166010217200180500500181000009257000928226352310219521852170208020652055195519451930183518201805171016951680257525002490242024102340232522602245
0802172010217800181000500181500009283000930826352315220021902175208520702055196019501935184018251810171517001685258025052490242524102345233022602250
0802178010218400181500500182000009309000933326402320220521952180209020752060196519551940184518301820172017051690258525052495243024152350233522652255
0802184010219000182000500182500009334000935926402320221021952185209020802065197019601945185018351825172517101700258525102500243024202350234022702255
0802190010219600182500500183000009360000938526452325221522002190209520852070197519651950185518401830173017151705259025152500243524252355234522752260
0802196010220200183000500183500009386000941026502330222022052195210020902075198019701955186018451835173517251710259525202505244024252360234522802265
0802202010220800183500500184000009411000943626502335222022102200210520952080198519751960186518501840174017301715259525202510244524302365235022852270
0802208010221400184000500184500009437000946226552340222522152205211021002085199019801965187018601845175017351720260025252515245024352370235522902275
0802214010222000184500500185000009463000948726602340223022202205211521052090199519851970187518651850175517401725260525302515245024402370236022902280
0802220010222600185000500185500009488000951326602345223522252210212021052095200019901975188018701855176017451730260525302520245524402375236522952280
0802226010223200185500500186000009514000953826652350224022302215212521102100200519951980188518751860176517501740261025352525246024452380236523002285
0802232010223800186000500186500009539000956426702355224522302220213021152105201020001985189018801865177017551745261525402525246024502385237023052290
0802238010224400186500500187000009565000959026702355224522352225213521202110201520051990189518851870177517601750261525402530246524552385237523102295
0802244010225000187000500187500009591000961526752360225022402230214021252115202020101995190018901875178017701755262025452535247024552390238023102300
0802250010225600187500500188000009616000964126802365225522452235214021302120202520152000190518951880178517751760262525502540247524602395238023152305
0802256010226200188000500188500009642000966726802370226022502235214521352120203020202005191019001885179017801765262525502540247524652400238523202305
0802262010226800188500500189000009668000969226852375226522552240215021402125203520252010191519051890179517851770263025552545248024702405239023252310
0802268010227400189000500189500009693000971826852375227022552245215521452130204020302015192019101895180017901775263525602550248524702405239523302315
0802274010228000189500500190000009719000974426902380227522602250216021502135204520352020193019151900181017951780263525652550248524752410240023302320
0802280010228600190000500190500009745000976926952385227522652255216521552140205020352025193019201905181518001785264025652555249024802415240023352325
0802286010229200190500500191000009770000979526952390228022702260217021552145205520402030193519251910182018051790264525702560249524802415240523402325
0802292010229800191000500191500009796000982127002390228522752260217521602150206020452035194019301915182518101800264525752560250024852420241023452330
0802298010230400191500500192000009822000984627002395229022752265218021652155206520502040194519351920183018151805265025752565250024902425241523502335
0802304010231000192000500192500009847000987227052400229522802270218021702160207020552045195019401925183518201810265025802570250524952430241523502340
0802310010231600192500500193000009873000989727102405229522852275218521752165207520602050195519451930184018251815265525852570251024952430242023552345
0802316010232200193000500193500009898000992327102405230022902280219021802165207520652050196019501935184518301820266025852575251025002435242523602345
0802322010232800193500500194000009924000994927152410230522952285219521852170208020702055196519551940185018351825266025902580251525052440243023652350
0802328010233400194000500194500009950000997427152415231023002285220021852175208520752060197019601945185518401830266525902580252025052445243023652355
0802334010234000194500500195000009975001000027202420231023002290220521902180209020802065197519651950186018451835266525952585252025102445243523702360
0802340010234600195000500195500010001001002627252420231523052295220521952185209520852070198019701955186518501840267026002590252525152450244023752360
0802346010235200195500500196000010027001005127252425232023102300221022002190210020852075198519751960187018551845267526002590253025152455244023802365
0802352010235800196000500196500010052001007727302430232523152300221522052190210520902080199019801965187518601850267526052595253025202455244523802370
0802358010237000196500500197500010078001012827352435233023202310222022102200211021002085199519851970188018701855268026102600253525252465245023852375
0802370010238200197500500198500010129001017927402440234023252315223022202205212021052095200519951980189018801865268526152605254525302470246023952380
0802382010239400198500500199500010180001023127452450234523352325224022252215213021152105201520051990190018901875269526202610255025402475246524002390
0802394010240600199500500200500010232001028227502455235523402330224522352225213521252115202520152000191019001885270026302620255525452485247024102395
0802406010241800200500500201500010283001033327552460236023502340225522402230214521352120203520202010192019101895270526352625256525502490248024152405
0802418010243000201500500202500010334001038527602470236523552345226022502240215521402130204520302020193019201905271026402630257025602495248524252410
0802430010244200202500500203500010386001043627652475237523652355227022602245216021502140205020402030194019301915271526452635257525652505249024302420
0802442010245400203500500204500010437001048727702485238023702360228022652255217021602145206020502035195019351925272026552640258025702510250024402425
0802454010246600204500500205500010488001053827752490239023802370228522752265218021652155207020552045196019451935272526602650259025752515250524452435
0802466010247800205500500206500010539001059027852495239523852375229522802270218521752165208020652055197019551945273026652655259525852525251024502440
0802478010249000206500500207500010591001064127902505240523952385230022902280219521852170208520752065197519651955274026702660260025902530252024602445
0802490010250200207500500208500010642001069227952510241024002390231022952285220021902180209520852070198519751960274526752665260525952535252524652455
0802502010251400208500500209500010693001074428002515241524052395231523052295221022002185210520902080199519851970275026802670261526002545253024702460
0802514010252600209500500210500010745001079528052520242524152405232523102300222022052195211021002090200519901980275526852675262026102550254024802465
0802526010253800210500500211500010796001084628102530243024202410233023202310222522152205212021102095201520001990276026952685262526152555254524852475
0802538010255000211500500212500010847001089728152535244024302415233523252315223522202210213021152105202020101995276527002690263026202560255024902480
0802550010256200212500500213500010898001094928202540244524352425234523352325224022302220213521252115203020202005277027052695263526252570255525002485
0802562010257400213500500214500010950001100028252550245024402430235023402330225022402225214521352120204020252015277527102700264526302575256525052495
0802574010258600214500500215500011001001105128302555246024502440236023502335225522452235215521402130204520352025278027152705265026402580257025102500
0802586010259800215500500216500011052001110328352560246524552445236523552345226522552240216021502140205520452030278527202710265526452585257525152505
0802598010261000216500500217500011104001115428402565247024602450237023602350227022602250217021552145206520502040279027252715266026502590258025252510
0802610010262200217500500218500011155001120528452570248024702460238023702360228022702255217521652155207020602050279527302720266526552600258525302520
0802622010263400218500500219500011206001125628502580248524752465238523752365228522752265218521752160208020702055280027352725267026602605259525352525
0802634010264600219500500220500011257001130828552585249024802470239523852370229522802270219021802170209020752065280527402730267526652610260025402530
0802646010265800220500500221500011309001135928602590249524852475240023902380230022902280220021902175209520852075281027452735268026702615260525502535
0802658010267000221500500222500011360001141028652595250524952485240523952385231022952285220521952185210520952080281527502740268526752620261025552545
0802670010268200222500500223500011411001146228702600251025002490241524052390231523052295221522052190211021002090282027552745269026802625261525602550
0802682010269400223500500224500011463001151328752605251525052495242024102400232023102300222022102200212021102100282527602750270026902635262025652555
0802694010270600224500500225500011514001156428802615252025102500242524152405233023202310223022202210213021152105283027652760270526952640263025702560
0802706010271800225500500226500011565001161528802620253025202510243524252415233523252315223522252215213521252115283527702765271027002645263525802565
0802718010273000226500500227500011616001166728852625253525252515244024302420234023302320224522352220214521352120284027752770271527052650264025852575
0802730010274200227500500228500011668001171828902630254025302520244524352425235023402330225022402230215021402130284527802775272027102655264525902580
0802742010275400228500500229500011719001176928952635254525352525245024402430235523452335226022502235216021502135285027852780272527152660265025952585
0802754010276600229500500230500011770001182129002640255025402535246024502440236523552340226522552245216521552145285527902785273027202665265526002590
0802766010277800230500500231500011822001187229052645255525502540246524552445237023602350227022602250217521652150285527952785273527252670266026052595
0802778010279000231500500232500011873001192329102650256525552545247024602450237523652355228022702260218021702160286028002790274027302675266526102600
0802790010280200232500500233500011924001197429152655257025602550247524652455238523752360228522752265219021802165286528052795274527352680267026202610
0802802010281400233500500234500011975001202629202660257525652555248524752465239023802370229522852270219521852175287028102800275027402685267526252615
0802814010282600234500500235500012027001207729202670258025702560249024802470239523852375230022902280220521952180287528152805275527452690268026302620
0802826010283800235500500236500012078001212829252675258525752565249524852475240023902380230522952285221022002190288028202810276027502695268526352625
0802838010285000236500500237500012129001217929302680259025802575250024902480241024002390231523052295222022052195288528252815276527552705269526402630
0802850010286200237500500238500012180001223129352685259525902580250524952490241524052395232023102300222522152205289028302820277027602705269526452635
0802862010287400238500500239500012232001228229402690260025952585251525052495242024102400232523152305223022202210289528352825277527652715270526502640
0802874010288600239500500240500012283001233329452695261026002590252025102500242524152405233523252315224022302220289528402830278027702720271026552645
0802886010289800240500500241500012334001238529502700261526052595252525152505243524252415234023302320224522352225290028452835278527752725271526602650
0802898010291000241500500242500012386001243629502705262026102600253025202510244024302420234523352325225522402230290528502840279027802730272026652655
0802910010292200242500500243500012437001248729552710262526152605253525252515244524352425235523452335226022502240291028502845279527852735272526702660
0802922010293400243500500244500012488001253829602715263026202610254025302525245024402430236023502340226522552245291528552850280027902740273026752665
0802934010294600244500500245500012539001259029652720263526252615254525402530246024502440236523552345227522652255292028602850280527952745273526802670
0802946010295800245500500246500012591001264129702725264026302620255525452535246524552445237023602350228022702260292028652855280528002745273526852675
0802958010297000246500500247500012642001269229702730264526352630256025502540247024602450238023702360228522752265292528702860281028002750274026902680
0802970010298200247500500248500012693001274429752735265026402635256525552545247524652455238523752365229522852275293028752865281528052755274526952685
0802982010299400248500500249500012745001279529802740265526452640257025602550248024702460239023802370230022902280293528802870282028102760275027002690
0802994010300600249500500250500012796001284629852745266026502645257525652555248524752470239523852380230522952285294028802875282528152765275527052695
0803006010301800250500500251500012847001289729902750266526552650258025702560249524852475240523952385231523052295294528852880283028202770276027102700
0803018010303000251500500252500012898001294929902755267026602655258525752570250024902480241024002390232023102300294528902885283528252775276527152705
0803030010304200252500500253500012950001300029952755267526652660259025802575250524952485241524052395232523152305295028952885284028302780277027202710
0803042010305400253500500254500013001001305130002760268026702665259525852580251025002490242024102400233023202310295529002890284528352785277527252715
0803054010306600254500500255500013052001310330052765268526752670260025952585251525052495242524202410234023302320296029052895284528402790278027302720
0803066010307800255500500256500013104001315430052770269026802675260526002590252025102500243524252415234523352325296029102900285028402795278527352725
0803078010309000256500500257500013155001320530102775269526852680261026052595252525152510244024302420235023402330296529102905285528452800279027402730
0803090010310200257500500258500013206001325630152780270026902685261526102600253025252515244524352425235523452335297029152905286028502805279527452735
0803102010311400258500500259500013257001330830202785270526952690262026152605253525302520245024402430236523552345297529202910286528552805280027502740
0803114010312600259500500260500013309001335930202790271027002695262526202610254525352525245524452435237023602350297529252915287028602810280027552745
0803126010313800260500500261500013360001341030252795271527052700263026252615255025402530246024552445237523652355298029252920287028652815280527602750
0803138010315000261500500262500013411001346230302800272027102705263526302620255525452535247024602450238023702360298529302925287528702820281027652755
0803150010316200262500500263500013463001351330302805272527152710264526352625256025502540247524652455238523752370299029352925288028702825281527702760
0803162010317400263500500264500013514001356430352805273027202710264526402630256525552545248024702460239523852375299029402930288528752830282027702765
0803174010318600264500500265500013565001361530402810273527252715265026452635257025602550248524752465240023902380299529452935289028802835282527752770
0803186010319800265500500266500013616001366730452815274027302720265526502640257525652555249024802470240523952385300029452940289528852835283027802770
0803198010321000266500500267500013668001371830452820274527352725266026552645258025702560249524852475241024002390300529502945289528902840283527852775
0803210010322200267500500268500013719001376930502825274527402730266526602650258525752565250024902485241524052395300529552945290028902845283527902780
0803222010323400268500500269500013770001382130552830275027452735267026652655259025802570250524952490242024102405301029602950290528952850284027952785
0803234010324600269500500270500013822001387230552835275527502740267526702660259525852575251025052495243024202410301529602955291029002855284528002790
0803246010325800270500500271500013873001392330602835276027552745268026752665260025902585251525102500243524252415301529652960291529052860285028052795
0803258010327000271500500272500013924001397430652840276527552750268526752670260525952585252025152505244024302420302029702960291529102860285528052800
0803270010328200272500500273500013975001402630652845277027602755269026802675261026002595253025202510244524352425302529752965292029102865286028102805
0803282010329400273500500274500014027001407730702850277527652760269526852680261526052600253525252515245024402430303029752970292529152870286028152805
0803294010330600274500500275500014078001412830752855278027702760270026902685262026102600254025302520245524452435303029802970293029202875286528202810
0803306010331800275500500276500014129001417930752855278027752765270526952690262526152605254525352525246024502440303529852975293029252880287028252815
0803318010333000276500500277500014180001423130802860278527802770271027002695263026202610255025402530246524552450304029852980293529252880287528302820
0803330010334200277500500278500014232001428230852865279027852775271527052695263526252615255525452535247024652455304029902985294029302885288028352825
0803342010335400278500500279500014283001433330852870279527852780272027102700264026302620256025502540247524702460304529952985294529352890288028352830
0803354010336600279500500280500014334001438530902875280027902785272027152705264526352625256525552545248024752465305030002990294529402895288528402830
0803366010337800280500500281500014386001443630952875280527952790272527202710265026402630257025602550249024802470305030002995295029402900289028452835
0803378010339000281500500282500014437001448730952880281028002790273027252715265526452635257525652555249524852475305530052995295529452900289528502840
0803390010340200282500500283500014488001453831002885281028052795273527302720266026502640258025702560250024902480306030103000295529502905289528552845
0803402010341400283500500284500014539001459031052890281528102800274027302725266526552645258525752565250524952485306030103005296029552910290028552850
0803414010342600284500500285500014591001464131052895282028102805274527352730266526602650259025802570251025002490306530153010296529552915290528602850
0803426010343800285500500286500014642001469231102895282528152810275027402735267026652655259525852575251525052495307030203010297029602915291028652855
0803438010345000286500500287500014693001474431102900283028202815275527452735267526702660260025902580252025102500307030203015297029652920291028702860
0803450010346200287500500288500014745001479531152905283028252815275527502740268026752665260525952585252525152505307530253020297529652925291528702865
0803462010347400288500500289500014796001484631202910283528302820276027552745268526752670261026002590253025202510307530303020298029702930292028752870
0803474010348600289500500290500014847001489731202910284028302825276527602750269026802675261026052595253525252515308030303025298029752930292528802870
0803486010349800290500500291500014898001494931252915284528352830277027602755269526852680261526102600254025302520308530353030298529802935292528852875
0803498010351000291500500292500014950001500031302920285028402835277527652760270026902685262026152605254525352525308530403030299029802940293028902880
0803510010352200292500500293500015001001505131302920285028452835278027702765270526952685262526202610255025402530309030403035299529852940293528902885
0803522010353400293500500294500015052001510331352925285528502840278027752765270527002690263026252615255525452535309530453035299529902945294028952885
0803534010354600294500500295500015104001515431352930286028502845278527802770271027052695263526252620256025502540309530503040300029902950294029002890
0803546010355800295500500296500015155001520531402935286528552850279027852775271527102700264026302625256525552545310030503045300529952955294529052895
0803558010357000296500500297500015206001525631452935286528602855279527852780272027152705264526352630257025602550310030553045300530002955295029052900
0803570010358200297500500298500015257001530831452940287028652855280027902785272527152710265026402635257525652555310530603050301030002960295029102900
0803582010359400298500500299500015309001535931502945287528652860280527952785273027202715265526452635257525702560311030603055301530052965295529152905
0803594010360600299500500300500015360001541031502945288028702865280528002790273527252715266026502640258025752565311030653055301530102965296029152910
0803606010361800300500500301500015411001546231552950288028752865281028052795273527302720266526552645258525802570311530653060302030102970296029202915
0803618010363000301500500302500015463001551331552955288528802870281528052800274027352725266526602650259025852575311530703065302030152975296529252915
0803630010364200302500500303500015514001556431602960289028802875282028102805274527402730267026652655259525902580312030753065302530202975297029302920
0803642010365400303500500304500015565001561531652960289528852880282028152805275027402735267526702660260025952585312530753070303030202980297529302925
0803654010366600304500500305500015616001566731652965289528902880282528202810275527452740268026702665260525952590312530803070303030252985297529352925
0803666010367800305500500306500015668001571831702970290028952885283028252815276027502740268526752670261026002595313030803075303530302985298029402930
0803678010369000306500500307500015719001576931702970290528952890283528252820276027552745269026802675261526052600313030853080304030302990298529402935
0803690010370200307500500308500015770001582131752975291029002895284028302825276527602750269526852675262026102605313530903080304030352995298529452940
0803702010371400308500500309500015822001587231752980291029052895284028352825277027602755269526902680262526152605313530903085304530352995299029502940
0803714010372600309500500310500015873001592331802980291529102900284528402830277527652760270026952685263026202610314030953085305030403000299529502945
0803726010373800310500500311500015924001597431802985292029102905285028402835278027702765270527002690263026252615314530953090305030453005299529552950
0803738010375000311500500312500015975001602631852990292029152910285528452840278027752765271027002695263526302620314531003095305530453005300029602950
0803750010376200312500500313500016027001607731902990292529202910285528502840278527802770271527052700264026352625315031053095305530503010300029602955
0803762010377400313500500314500016078001612831902995293029202915286028552845279027802775272027102705264526352630315031053100306030553015300529652960
0803774010378600314500500315500016129001617931953000293029252920286528552850279527852780272027152705265026402635315531103100306530553015301029702960
0803786010379800315500500316500016180001623131953000293529302920286528602855279527902780272527202710265526452640315531103105306530603020301029702965
0803798010381000316500500317500016232001628232003005294029302925287028652855280027952785273027252715266026502640316031153110307030603025301529752970
0803810010382200317500500318500016283001633332003005294029352930287528652860280528002790273527252720266526552645316031203110307030653025302029802970
0803822010383400318500500319500016334001638532053010294529402930288028702865281028002795274027302725266526602650316531203115307530703030302029802975
0803834010384600319500500320500016386001643632053015295029402935288028752865281528052800274027352725267026652655316531253115308030703030302529852980
0803846010385800320500500321500016437001648732103015295029452940288528802870281528102800274527402730267526652660317031253120308030753035303029902980
0803858010387000321500500322500016488001653832103020295529502940289028802875282028152805275027452735268026702665317031303120308530753040303029902985
0803870010388200322500500323500016539001659032153025296029502945289028852880282528152810275527452740268526752670317531303125308530803040303529952990
0803882010389400323500500324500016591001664132153025296029552950289528902880282528202815276027502745268526802670318031353125309030853045303530002990
0803894010390600324500500325500016642001669232203030296529602950290028902885283028252815276027552745269026852675318031353130309530853045304030002995
0803906010391800325500500326500016693001674432203030297029602955290528952890283528302820276527602750269526902680318531403135309530903050304530052995
0803918010393000326500500327500016745001679532253035297029652960290529002890284028302825277027602755270026902685318531403135310030903055304530053000
0803930010394200327500500328500016796001684632253040297529702960291029002895284028352830277527652760270526952690319031453140310030953055305030103005
0803942010395400328500500329500016847001689732303040298029702965291529052900284528402830277527702760271027002695319031503140310530953060305030153005
0803954010396600329500500330500016898001694932303045298029752970291529102900285028402835278027752765271027052695319531503145310531003060305530153010
0803966010397800330500500331500016950001700032353045298529802970292029102905285528452840278527752770271527102700319531553145311031053065306030203010
0803978010399000331500500332500017001001705132353050299029802975292529152910285528502840279027802775272027102705320031553150311031053070306030253015
0803990010400200332500500333500017052001710332403055299029852980292529202910286028552845279027852780272527152710320031603150311531103070306530253020
0804002010401400333500500334500017104001715432403055299529902980293029252915286528552850279527902780273027202715320531603155312031103075306530303020
0804014010402600334500500335500017155001720532453060299529902985293529252920286528602855280027902785273027252715320531653155312031153075307030303025
0804026010403800335500500336500017206001725632453060300029952985293529302920287028652855280527952790273527302720321031653160312531153080307030353030
0804038010405000336500500337500017257001730832503065300529952990294029352925287528652860280528002790274027302725321031703160312531203080307530403030
0804050010406200337500500338500017309001735932503070300530002995294529352930287528702865281028052795274527352730321531703165313031203085308030403035
0804062010407400338500500339500017360001741032553070301030052995294529402930288028752865281528052800274527402730321531753165313031253090308030453035
0804074010408600339500500340500017411001746232553075301030053000295029402935288528752870282028102805275027452735322031753170313531253090308530453040
0804086010409800340500500341500017463001751332603075301530103005295029452940288528802875282028152805275527452740322031803175313531303095308530503045
0804098010411000341500500342500017514001756432603080302030103005295529502940289028852875282528202810276027502745322031803175314031303095309030503045
0804110010412200342500500343500017565001761532653080302030153010296029502945289528852880283028202815276027552745322531853180314031353100309030553050
0804122010413400343500500344500017616001766732653085302530203010296029552950289528902885283028252820276527602750322531853180314531403100309530603050
0804134010414600344500500345500017668001771832653085302530203015296529602950290028952885283528302820277027602755323031903185314531403105310030603055
0804146010415800345500500346500017719001776932703090303030253015297029602955290528952890284028302825277527652760323031903185315031453105310030653055
0804158010417000346500500347500017770001782132703095303530253020297029652960290529002895284028352830277527702760323531953190315031453110310530653060
0804170010418200347500500348500017822001787232753095303530303025297529652960291029052895284528402830278027752765323531953190315531503115310530703065
0804182010419400348500500349500017873001792332753100304030353025297529702965291529052900285028402835278527752770324032003195316031503115311030753065
0804194010420600349500500350500017924001797432803100304030353030298029752965291529102905285028452840278527802775324032003195316031553120311030753070
0804206010421800350500500351500017975001802632803105304530403030298529752970292029152905285528502840279027852775324532053195316031553120311530803070
0804218010423000351500500352500018027001807732853105304530403035298529802975292529152910286028502845279527852780324532053200316531603125311530803075
0804230010424200352500500353500018078001812832853110305030453040299029852975292529202915286528552850280027902785325032103200317031603125312030853075
0804242010425400353500500354500018129001817932853110305530453040299029852980293029252915286528602850280027952785325032103205317031653130312030853080
0804254010426600354500500355500018180001823132903115305530503045299529902980293529252920287028602855280528002790325532153205317031653130312530903080
0804266010427800355500500356500018232001828232903115306030503045300029902985293529302925287528652860281028002795325532153210317531703135312530903085
0804278010429000356500500357500018283001833332953120306030553050300029952990294029302925287528702860281028052800325532203210317531703135313030953085
0804290010430200357500500358500018334001838532953120306530603050300529952990294029352930288028702865281528102800326032203215318031753140313030953090
0804302010431400358500500359500018386001843633003125306530603055300530002995294529402930288028752870282028102805326032203215318031753140313531003095
0804314010432600359500500360500018437001848733003125307030653055301030052995295029402935288528802870282028152810326532253220318531803145313531003095
0804326010433800360500500361500018488001853833053130307030653060301030053000295029452940289028802875282528202810326532253220318531803145314031053100
0804338010435000361500500362500018539001859033053130307530703065301530103005295529502940289028852880283028202815327032303225319031853150314031053100
0804350010436200362500500363500018591001864133053135308030703065302030103005295529502945289528902880283028252820327032303225319031853150314531103105
0804362010437400363500500364500018642001869233103135308030753070302030153010296029552945290028902885283528302820327532353230319531903155314531153105
0804374010438600364500500365500018693001874433103140308530753070302530203010296529552950290028952890284028302825327532353230319531903155315031153110
0804386010439800365500500366500018745001879533153140308530803075302530203015296529602955290529002890284028352830327532403230320031953160315031203110
0804398010441000366500500367500018796001884633153145309030803075303030253015297029652955291029002895284528402830328032403235320031953160315531203115
0804410010442200367500500368500018847001889733153145309030853080303030253020297029652960291029052900285028402835328032453235320531953165315531253115
0804422010443400368500500369500018898001894933203150309530853080303530303025297529702960291529052900285028452840328532453240320532003165316031253120
0804434010444600369500500370500018950001900033203150309530903085304030303025298029702965291529102905285528502840328532453240321032003170316031303120
0804446010445800370500500371500019001001905133253155310030953085304030353030298029752970292029152905286028502845328532503245321032053170316531303125
0804458010447000371500500372500019052001910333253155310030953090304530353030298529752970292529152910286028552850329032503245321532053175316531353125
0804470010448200372500500373500019104001915433253160310531003090304530403035298529802975292529202915286528602850329032553250321532103175317031353130
0804482010449400373500500374500019155001920533303160310531003095305030453035299029852975293029252915287028602855329532553250321532103180317031403130
0804494010450600374500500375500019206001925633303165311031053095305030453040299529852980293029252920287028652860329532603250322032153180317531403135
0804506010451800375500500376500019257001930833353165311031053100305530503040299529902985293529302920287528702860330032603255322032153185317531453135
0804518010453000376500500377500019309001935933353170311531103100305530503045300029902985294029302925288028702865330032603255322532203185318031453140
0804530010454200377500500378500019360001941033403170311531103105306030553045300029952990294029352930288028752870330032653260322532203185318031503140
0804542010455400378500500379500019411001946233403175312031153110306030553050300530002990294529402930288528752870330532653260323032253190318531503145
0804554010456600379500500380500019463001951333403175312031153110306530603055300530002995294529402935288528802875330532703265323032253190318531503145
0804566010457800380500500381500019514001956433453180312531203110306530603055301030052995295029452935289028852875331032703265323532253195319031553150
0804578010459000381500500382500019565001961533453180312531203115307030653060301030053000295529452940289528852880331032753265323532303195319031553150
0804590010460200382500500383500019616001966733453185313031253115307030653060301530103000295529502945289528902885331032753270323532303200319031603155
0804602010461400383500500384500019668001971833503185313031253120307530703065301530103005296029502945290028952885331532753270324032353200319531603155
0804614010462600384500500385500019719001976933503190313531303120308030703065302030153010296029552950290028952890331532803275324032353205319531653160
0804626010463800385500500386500019770001982133553190313531303125308030753070302530153010296529602950290529002890332032803275324532403205320031653160
0804638010465000386500500387500019822001987233553190314031353125308530753070302530203015296529602955291029002895332032853275324532403210320031703165
0804650010466200387500500388500019873001992333553195314031353130308530803075303030203015297029652960291029052900332032853280325032403210320531703165
0804662010467400388500500389500019924001997433603195314531403130309030803075303030253020297529652960291529102900332532853280325032453210320531753165
0804674010468600389500500390500019975002002633603200314531403135309030853080303530303020297529702965291529102905332532903285325032453215321031753170
0804686010469800390500500391500020027002007733603200315031403135309530853080303530303025298029702965292029152905332532903285325532503215321031803170
0804698010471000391500500392500020078002012833653205315031453140309530903085304030353025298029752970292529152910333032953290325532503220321531803175
0804710010472200392500500393500020129002017933653205315531453140310030903085304030353030298529802970292529202915333032953290326032553220321531853175
0804722010473400393500500394500020180002023133703210315531503145310030953090304530403030298529802975293029252915333532953290326032553225321531853180
0804734010474600394500500395500020232002028233703210315531503145310530953090304530403035299029852975293029252920333533003295326532553225322031853180
0804746010475800395500500396500020283002033333703210316031553150310531003095305030453035299029852980293529302920333533003295326532603225322031903185
0804758010477000396500500397500020334002038533753215316031553150311031003095305030453040299529902985294029302925334033053300326532603230322531903185
0804770010478200397500500398500020386002043633753215316531603155311031053100305530503040300029902985294029352930334033053300327032653230322531953190
0804782010479400398500500399500020437002048733753220316531603155311531053100305530503045300029952990294529352930334033053300327032653235323031953190
0804794010480600399500500400500020488002053833803220317031653160311531103105306030553050300529952990294529402935334533103305327532653235323032003190
0804806010481800400500500401500020539002059033803225317031653160311531103105306030553050300530002995295029452935334533103305327532703240323032003195
0804818010483000401500500402500020591002064133803225317531703160312031153110306530603055301030002995295029452940335033153305327532703240323532053195
0804830010484200402500500403500020642002069233853225317531703165312031153110306530603055301030053000295529502940335033153310328032753240323532053200
0804842010485400403500500404500020693002074433853230318031753165312531203115307030653060301530103000295529502945335033153310328032753245324032053200
0804854010486600404500500405500020745002079533903230318031753170312531203115307030653060301530103005296029552950335533203315328532753245324032103205
0804866010487800405500500406500020796002084633903235318031753170313031253120307530703065302030153005296529552950335533203315328532803250324032103205
0804878010489000406500500407500020847002089733903235318531803175313031253120307530703065302030153010296529602955335533203315328532803250324532153210
0804890010490200407500500408500020898002094933953240318531803175313531303125308030753070302530203010297029602955336033253320329032853255324532153210
0804902010491400408500500409500020950002100033953240319031853180313531303125308030753070302530203015297029652960336033253320329032853255325032203210
0804914010492600409500500410500021001002105133953240319031853180314031353125308530803075303030253015297529652960336033303320329032853255325032203215
0804926010493800410500500411500021052002110334003245319531903185314031353130308530803075303030253020297529702965336533303325329532903260325532203215
0804938010495000411500500412500021104002115434003245319531903185314531403130309030853080303530303025298029752965336533303325329532903260325532253220
0804950010496200412500500413500021155002120534003250319531903185314531403135309030853080303530303025298029752970336533353330330032953260325532253220
0804962010497400413500500414500021206002125634053250320031953190315031403135309530903085304030353030298529802970337033353330330032953265326032303220
0804974010498600414500500415500021257002130834053250320031953190315031453140309530903085304030353030298529802975337033353330330032953265326032303225
0804986010499800415500500416500021309002135934053255320532003195315031453140310030953090304530403035299029852980337533403335330533003270326532353225
0804998010501000416500500417500021360002141034103255320532003195315531503145310030953090304530403035299029852980337533403335330533003270326532353230
0805010010502200417500500418500021411002146234103260321032053200315531503145310531003090305030453040299529902985337533403335331033003270326532353230
0805022010503400418500500419500021463002151334103260321032053200316031553150310531003095305030453040299529902985338033453340331033053275327032403235
0805034010504600419500500420500021514002156434153260321032053200316031553150311031053095305530503045300029952990338033453340331033053275327032403235
0805046010505800420500500421500021565002161534153265321532103205316531603150311031053100305530503045300529952990338033453340331533103280327032453235
0805058010507000421500500422500021616002166734153265321532103205316531603155311531053100306030553050300530002995338533503345331533103280327532453240
0805070010508200422500500423500021668002171834203270322032153210317031603155311531103105306030553050301030002995338533503345331533103280327532453240
0805082010509400423500500424500021719002176934203270322032153210317031653160311531103105306530603055301030053000338533553350332033153285328032503245
0805094010510600424500500425500021770002182134203270322532153210317031653160312031153110306530603055301530053000339033553350332033153285328032503245
0805106010511800425500500426500021822002187234253275322532203215317531703165312031153110307030653060301530103005339033553350332033153290328032553245
0805118010513000426500500427500021873002192334253275322532203215317531703165312531203115307030653060302030103005339033603355332533203290328532553250
0805130010514200427500500428500021924002197434253275323032253220318031753170312531203115307530703060302030153010339533603355332533203290328532553250
0805142010515400428500500429500021975002202634303280323032253220318031753170313031253120307530703065302530153010339533603355333033203295329032603255
0805154010516600429500500430500022027002207734303280323532303225318531753170313031253120308030753065302530203015339533653360333033253295329032603255
0805166010517800430500500431500022078002212834303285323532303225318531803175313531303120308030753070303030203015340033653360333033253295329032603255
0805178010519000431500500432500022129002217934353285323532303225318531803175313531303125308530803070303030253020340033653360333533303300329532653260
0805190010520200432500500433500022180002223134353285324032353230319031853180314031303125308530803075303530253020340033703365333533303300329532653260
0805202010521400433500500434500022232002228234353290324032353230319031853180314031353130309030803075303530303025340033703365333533303305329532703260
0805214010522600434500500435500022283002233334353290324532403235319531903185314031353130309030853080304030303025340533703365334033353305330032703265
0805226010523800435500500436500022334002238534403290324532403235319531903185314531403135309030853080304030353030340533753370334033353305330032703265
0805238010525000436500500437500022386002243634403295324532403235319531903185314531403135309530903085304030353030340533753370334033353310330532753270
0805250010526200437500500438500022437002248734403295325032453240320031953190315031453140309530903085304530403035341033753370334533403310330532753270
0805262010527400438500500439500022488002253834453300325032453240320031953190315031453140310030953090304530403035341033803375334533403310330532753270
0805274010528600439500500440500022539002259034453300325032453240320532003195315531503140310030953090305030453040341033803375334533403315331032803275
0805286010529800440500500441500022591002264134453300325532503245320532003195315531503145310531003095305030453040341533803375335033453315331032803275
0805298010531000441500500442500022642002269234503305325532503245320532003195315531503145310531003095305530503045341533853380335033453315331032853280
0805310010532200442500500443500022693002274434503305326032553250321032053200316031553150311031053095305530503045341533853380335033453320331532853280
0805322010533400443500500444500022745002279534503305326032553250321032053200316031553150311031053100306030553050342033853380335533503320331532853280
0805334010534600444500500445500022796002284634553310326032553250321532103205316531603155311531053100306030553050342033903385335533503320331532903285
0805346010535800445500500446500022847002289734553310326532603255321532103205316531603155311531103105306530603050342033903385335533503325332032903285
0805358010537000446500500447500022898002294934553310326532603255321532103205317031603155311531103105306530603055342033903385336033553325332032903285
0805370010538200447500500448500022950002300034553315326532653260322032153210317031653160312031153110307030653055342533953390336033553325332032953290
0805382010539400448500500449500023001002305134603315327032653260322032153210317031653160312031153110307030653060342533953390336033553330332532953290
0805394010540600449500500450500023052002310334603315327032653260322532203215317531703165312531203115307530653060342533953390336533603330332532953290
0805406010541800450500500451500023104002315434603320327532703265322532203215317531703165312531203115307530703065343033953390336533603330332533003295
0805418010543000451500500452500023155002320534653320327532703265322532203215318031753170313031253115307530703065343034003395336533603335333033003295
0805430010544200452500500453500023206002325634653325327532703265323032253220318031753170313031253120308030753070343034003395337033653335333033053300
0805442010545400453500500454500023257002330834653325328032753270323032253220318031753170313031253120308030753070343534003395337033653340333033053300
0805454010546600454500500455500023309002335934653325328032753270323532303225318531803175313531303125308530803075343534053400337033653340333533053300
0805466010547800455500500456500023360002341034703330328032753275323532303225318531803175313531303125308530803075343534053400337533703340333533103305
0805478010549000456500500457500023411002346234703330328532803275323532303225319031853180314031353130309030853080344034053400337533703345334033103305
0805490010550200457500500458500023463002351334703330328532803275324032353230319031853180314031353130309030853080344034103405337533703345334033103305
0805502010551400458500500459500023514002356434753335328532853280324032353230319031853180314531403130309530903080344034103405338033753345334033153310
0805514010552600459500500460500023565002361534753335329032853280324032353230319531903185314531403135309530903085344034103405338033753350334533153310
0805526010553800460500500461500023616002366734753335329032853280324532403235319531903185314531403135309530903085344534153410338033753350334533153310
0805538010555000461500500462500023668002371834753340329532903285324532403235320031953190315031453140310030953090344534153410338533803350334533203315
0805550010556200462500500463500023719002376934803340329532903285325032453240320031953190315031453140310030953090344534153410338533803355334533203315
0805562010557400463500500464500023770002382134803340329532903285325032453240320031953190315531503145310531003095345034153415338533803355335033203315
0805574010558600464500500465500023822002387234803345330032953290325032453240320532003195315531503145310531003095345034203415338533853355335033253320
0805586010559800465500500466500023873002392334853345330032953290325532503245320532003195315531503145311031053095345034203415339033853355335033253320
0805598010561000466500500467500023924002397434853345330032953290325532503245321032053200316031553150311031053100345034203415339033853360335533253320
0805610010562200467500500468500023975002402634853350330533003295325532503245321032053200316031553150311531053100345534253420339033853360335533303325
0805622010563400468500500469500024027002407734853350330533003295326032553250321032053200316531603155311531103105345534253420339533903360335533303325
0805634010564600469500500470500024078002412834903350330533003295326032553250321532103205316531603155311531103105345534253420339533903365336033303325
0805646010565800470500500471500024129002417934903350331033053300326032603255321532103205316531603155312031153110345534253425339533903365336033353330
0805658010567000471500500472500024180002423134903355331033053300326532603255321532103205317031653160312031153110346034303425340033953365336033353330
0805670010568200472500500473500024232002428234903355331033053300326532603255322032153210317031653160312531203110346034303425340033953370336533353330
0805682010569400473500500474500024283002433334953355331533103305327032653260322032153210317531703165312531203115346034303425340033953370336533403335
0805694010570600474500500475500024334002438534953360331533103305327032653260322532203215317531703165312531203115346534353430340534003370336533403335
0805706010571800475500500476500024386002443634953360331533103310327032653260322532203215317531703165313031253120346534353430340534003375337033403335
0805718010573000476500500477500024437002448735003360332033153310327532703265322532203215318031753170313031253120346534353430340534003375337033453340
0805730010574200477500500478500024488002453835003365332033153310327532703265323032253220318031753170313531303125346534353435340534003375337033453340
0805742010575400478500500479500024539002459035003365332033153315327532703265323032253220318531803175313531303125347034403435341034053380337533453340
0805754010576600479500500480500024591002464135003365332533203315328032753270323032253220318531803175313531303125347034403435341034053380337533503345
0805766010577800480500500481500024642002469235053370332533203315328032753270323532303225318531803175314031353130347034403435341034053380337533503345
0805778010579000481500500482500024693002474435053370332533203320328032753270323532303225319031853180314031353130347034453440341534103380338033503345
0805790010580200482500500483500024745002479535053370333033253320328532803275324032353230319031853180314531403135347534453440341534103385338033553350
0805802019999999483500599999990024796009999935053375333033253320328532803275324032353230319531903185314531403135347534453440341534103385338033553350
